     0   -10200.000000   -10200.000000    -1010.000000    10200.000000    10200.000000       10.000000      0
     1   -10200.000000   -10200.000000    -6050.000000    10200.000000    10200.000000     -950.000000      1
     2   -10200.000000   -10200.000000   -11050.000000    10200.000000    10200.000000    -5950.000000      2
     3   -10200.000000   -10200.000000   -17060.000000    10200.000000    10200.000000   -10940.000000      3
     4   -15050.000000   -15050.000000    -1010.000000    -9950.000000    -9950.000000       10.000000      4
     5   -10200.000000   -15050.000000    -1010.000000    10200.000000    -9950.000000       10.000000      5
     6     9950.000000   -15050.000000    -1010.000000    15050.000000    -9950.000000       10.000000      6
     7   -15050.000000   -10200.000000    -1010.000000    -9950.000000    10200.000000       10.000000      7
     8     9950.000000   -10200.000000    -1010.000000    15050.000000    10200.000000       10.000000      8
     9   -15050.000000     9950.000000    -1010.000000    -9950.000000    15050.000000       10.000000      9
    10   -10200.000000     9950.000000    -1010.000000    10200.000000    15050.000000       10.000000     10
    11     9950.000000     9950.000000    -1010.000000    15050.000000    15050.000000       10.000000     11
    12   -15050.000000   -15050.000000    -6050.000000    -9950.000000    -9950.000000     -950.000000     12
    13   -10200.000000   -15050.000000    -6050.000000    10200.000000    -9950.000000     -950.000000     13
    14     9950.000000   -15050.000000    -6050.000000    15050.000000    -9950.000000     -950.000000     14
    15   -15050.000000   -10200.000000    -6050.000000    -9950.000000    10200.000000     -950.000000     15
    16     9950.000000   -10200.000000    -6050.000000    15050.000000    10200.000000     -950.000000     16
    17   -15050.000000     9950.000000    -6050.000000    -9950.000000    15050.000000     -950.000000     17
    18   -10200.000000     9950.000000    -6050.000000    10200.000000    15050.000000     -950.000000     18
    19     9950.000000     9950.000000    -6050.000000    15050.000000    15050.000000     -950.000000     19
    20   -15050.000000   -15050.000000   -11050.000000    -9950.000000    -9950.000000    -5950.000000     20
    21   -10200.000000   -15050.000000   -11050.000000    10200.000000    -9950.000000    -5950.000000     21
    22     9950.000000   -15050.000000   -11050.000000    15050.000000    -9950.000000    -5950.000000     22
    23   -15050.000000   -10200.000000   -11050.000000    -9950.000000    10200.000000    -5950.000000     23
    24     9950.000000   -10200.000000   -11050.000000    15050.000000    10200.000000    -5950.000000     24
    25   -15050.000000     9950.000000   -11050.000000    -9950.000000    15050.000000    -5950.000000     25
    26   -10200.000000     9950.000000   -11050.000000    10200.000000    15050.000000    -5950.000000     26
    27     9950.000000     9950.000000   -11050.000000    15050.000000    15050.000000    -5950.000000     27
    28   -15050.000000   -15050.000000   -17060.000000    -9950.000000    -9950.000000   -10940.000000     28
    29   -10200.000000   -15050.000000   -17060.000000    10200.000000    -9950.000000   -10940.000000     29
    30     9950.000000   -15050.000000   -17060.000000    15050.000000    -9950.000000   -10940.000000     30
    31   -15050.000000   -10200.000000   -17060.000000    -9950.000000    10200.000000   -10940.000000     31
    32     9950.000000   -10200.000000   -17060.000000    15050.000000    10200.000000   -10940.000000     32
    33   -15050.000000     9950.000000   -17060.000000    -9950.000000    15050.000000   -10940.000000     33
    34   -10200.000000     9950.000000   -17060.000000    10200.000000    15050.000000   -10940.000000     34
    35     9950.000000     9950.000000   -17060.000000    15050.000000    15050.000000   -10940.000000     35
    36   -15050.000000   -15050.000000   -22050.000000    -9950.000000    -9950.000000   -16950.000000     36
    37   -10200.000000   -15050.000000   -22050.000000    10200.000000    -9950.000000   -16950.000000     37
    38     9950.000000   -15050.000000   -22050.000000    15050.000000    -9950.000000   -16950.000000     38
    39   -15050.000000   -10200.000000   -22050.000000    -9950.000000    10200.000000   -16950.000000     39
    40   -10200.000000   -10200.000000   -22050.000000    10200.000000    10200.000000   -16950.000000     40
    41     9950.000000   -10200.000000   -22050.000000    15050.000000    10200.000000   -16950.000000     41
    42   -15050.000000     9950.000000   -22050.000000    -9950.000000    15050.000000   -16950.000000     42
    43   -10200.000000     9950.000000   -22050.000000    10200.000000    15050.000000   -16950.000000     43
    44     9950.000000     9950.000000   -22050.000000    15050.000000    15050.000000   -16950.000000     44
