-7000.00000 -7000.00000    0.00000
-5444.44444 -7000.00000    0.00000
-3888.88889 -7000.00000    0.00000
-2333.33333 -7000.00000    0.00000
-777.77778 -7000.00000    0.00000
 777.77778 -7000.00000    0.00000
2333.33333 -7000.00000    0.00000
3888.88889 -7000.00000    0.00000
5444.44444 -7000.00000    0.00000
7000.00000 -7000.00000    0.00000
-7000.00000 -5444.44444    0.00000
-5444.44444 -5444.44444    0.00000
-3888.88889 -5444.44444    0.00000
-2333.33333 -5444.44444    0.00000
-777.77778 -5444.44444    0.00000
 777.77778 -5444.44444    0.00000
2333.33333 -5444.44444    0.00000
3888.88889 -5444.44444    0.00000
5444.44444 -5444.44444    0.00000
7000.00000 -5444.44444    0.00000
-7000.00000 -3888.88889    0.00000
-5444.44444 -3888.88889    0.00000
-3888.88889 -3888.88889    0.00000
-2333.33333 -3888.88889    0.00000
-777.77778 -3888.88889    0.00000
 777.77778 -3888.88889    0.00000
2333.33333 -3888.88889    0.00000
3888.88889 -3888.88889    0.00000
5444.44444 -3888.88889    0.00000
7000.00000 -3888.88889    0.00000
-7000.00000 -2333.33333    0.00000
-5444.44444 -2333.33333    0.00000
-3888.88889 -2333.33333    0.00000
-2333.33333 -2333.33333    0.00000
-777.77778 -2333.33333    0.00000
 777.77778 -2333.33333    0.00000
2333.33333 -2333.33333    0.00000
3888.88889 -2333.33333    0.00000
5444.44444 -2333.33333    0.00000
7000.00000 -2333.33333    0.00000
-7000.00000 -777.77778    0.00000
-5444.44444 -777.77778    0.00000
-3888.88889 -777.77778    0.00000
-2333.33333 -777.77778    0.00000
-777.77778 -777.77778    0.00000
 777.77778 -777.77778    0.00000
2333.33333 -777.77778    0.00000
3888.88889 -777.77778    0.00000
5444.44444 -777.77778    0.00000
7000.00000 -777.77778    0.00000
-7000.00000  777.77778    0.00000
-5444.44444  777.77778    0.00000
-3888.88889  777.77778    0.00000
-2333.33333  777.77778    0.00000
-777.77778  777.77778    0.00000
 777.77778  777.77778    0.00000
2333.33333  777.77778    0.00000
3888.88889  777.77778    0.00000
5444.44444  777.77778    0.00000
7000.00000  777.77778    0.00000
-7000.00000 2333.33333    0.00000
-5444.44444 2333.33333    0.00000
-3888.88889 2333.33333    0.00000
-2333.33333 2333.33333    0.00000
-777.77778 2333.33333    0.00000
 777.77778 2333.33333    0.00000
2333.33333 2333.33333    0.00000
3888.88889 2333.33333    0.00000
5444.44444 2333.33333    0.00000
7000.00000 2333.33333    0.00000
-7000.00000 3888.88889    0.00000
-5444.44444 3888.88889    0.00000
-3888.88889 3888.88889    0.00000
-2333.33333 3888.88889    0.00000
-777.77778 3888.88889    0.00000
 777.77778 3888.88889    0.00000
2333.33333 3888.88889    0.00000
3888.88889 3888.88889    0.00000
5444.44444 3888.88889    0.00000
7000.00000 3888.88889    0.00000
-7000.00000 5444.44444    0.00000
-5444.44444 5444.44444    0.00000
-3888.88889 5444.44444    0.00000
-2333.33333 5444.44444    0.00000
-777.77778 5444.44444    0.00000
 777.77778 5444.44444    0.00000
2333.33333 5444.44444    0.00000
3888.88889 5444.44444    0.00000
5444.44444 5444.44444    0.00000
7000.00000 5444.44444    0.00000
-7000.00000 7000.00000    0.00000
-5444.44444 7000.00000    0.00000
-3888.88889 7000.00000    0.00000
-2333.33333 7000.00000    0.00000
-777.77778 7000.00000    0.00000
 777.77778 7000.00000    0.00000
2333.33333 7000.00000    0.00000
3888.88889 7000.00000    0.00000
5444.44444 7000.00000    0.00000
7000.00000 7000.00000    0.00000
