-7000.00000 -7000.00000    0.00000
-5600.00000 -7000.00000    0.00000
-4200.00000 -7000.00000    0.00000
-2800.00000 -7000.00000    0.00000
-1400.00000 -7000.00000    0.00000
   0.00000 -7000.00000    0.00000
1400.00000 -7000.00000    0.00000
2800.00000 -7000.00000    0.00000
4200.00000 -7000.00000    0.00000
5600.00000 -7000.00000    0.00000
7000.00000 -7000.00000    0.00000
-7000.00000 -5600.00000    0.00000
-5600.00000 -5600.00000    0.00000
-4200.00000 -5600.00000    0.00000
-2800.00000 -5600.00000    0.00000
-1400.00000 -5600.00000    0.00000
   0.00000 -5600.00000    0.00000
1400.00000 -5600.00000    0.00000
2800.00000 -5600.00000    0.00000
4200.00000 -5600.00000    0.00000
5600.00000 -5600.00000    0.00000
7000.00000 -5600.00000    0.00000
-7000.00000 -4200.00000    0.00000
-5600.00000 -4200.00000    0.00000
-4200.00000 -4200.00000    0.00000
-2800.00000 -4200.00000    0.00000
-1400.00000 -4200.00000    0.00000
   0.00000 -4200.00000    0.00000
1400.00000 -4200.00000    0.00000
2800.00000 -4200.00000    0.00000
4200.00000 -4200.00000    0.00000
5600.00000 -4200.00000    0.00000
7000.00000 -4200.00000    0.00000
-7000.00000 -2800.00000    0.00000
-5600.00000 -2800.00000    0.00000
-4200.00000 -2800.00000    0.00000
-2800.00000 -2800.00000    0.00000
-1400.00000 -2800.00000    0.00000
   0.00000 -2800.00000    0.00000
1400.00000 -2800.00000    0.00000
2800.00000 -2800.00000    0.00000
4200.00000 -2800.00000    0.00000
5600.00000 -2800.00000    0.00000
7000.00000 -2800.00000    0.00000
-7000.00000 -1400.00000    0.00000
-5600.00000 -1400.00000    0.00000
-4200.00000 -1400.00000    0.00000
-2800.00000 -1400.00000    0.00000
-1400.00000 -1400.00000    0.00000
   0.00000 -1400.00000    0.00000
1400.00000 -1400.00000    0.00000
2800.00000 -1400.00000    0.00000
4200.00000 -1400.00000    0.00000
5600.00000 -1400.00000    0.00000
7000.00000 -1400.00000    0.00000
-7000.00000    0.00000    0.00000
-5600.00000    0.00000    0.00000
-4200.00000    0.00000    0.00000
-2800.00000    0.00000    0.00000
-1400.00000    0.00000    0.00000
   0.00000    0.00000    0.00000
1400.00000    0.00000    0.00000
2800.00000    0.00000    0.00000
4200.00000    0.00000    0.00000
5600.00000    0.00000    0.00000
7000.00000    0.00000    0.00000
-7000.00000 1400.00000    0.00000
-5600.00000 1400.00000    0.00000
-4200.00000 1400.00000    0.00000
-2800.00000 1400.00000    0.00000
-1400.00000 1400.00000    0.00000
   0.00000 1400.00000    0.00000
1400.00000 1400.00000    0.00000
2800.00000 1400.00000    0.00000
4200.00000 1400.00000    0.00000
5600.00000 1400.00000    0.00000
7000.00000 1400.00000    0.00000
-7000.00000 2800.00000    0.00000
-5600.00000 2800.00000    0.00000
-4200.00000 2800.00000    0.00000
-2800.00000 2800.00000    0.00000
-1400.00000 2800.00000    0.00000
   0.00000 2800.00000    0.00000
1400.00000 2800.00000    0.00000
2800.00000 2800.00000    0.00000
4200.00000 2800.00000    0.00000
5600.00000 2800.00000    0.00000
7000.00000 2800.00000    0.00000
-7000.00000 4200.00000    0.00000
-5600.00000 4200.00000    0.00000
-4200.00000 4200.00000    0.00000
-2800.00000 4200.00000    0.00000
-1400.00000 4200.00000    0.00000
   0.00000 4200.00000    0.00000
1400.00000 4200.00000    0.00000
2800.00000 4200.00000    0.00000
4200.00000 4200.00000    0.00000
5600.00000 4200.00000    0.00000
7000.00000 4200.00000    0.00000
-7000.00000 5600.00000    0.00000
-5600.00000 5600.00000    0.00000
-4200.00000 5600.00000    0.00000
-2800.00000 5600.00000    0.00000
-1400.00000 5600.00000    0.00000
   0.00000 5600.00000    0.00000
1400.00000 5600.00000    0.00000
2800.00000 5600.00000    0.00000
4200.00000 5600.00000    0.00000
5600.00000 5600.00000    0.00000
7000.00000 5600.00000    0.00000
-7000.00000 7000.00000    0.00000
-5600.00000 7000.00000    0.00000
-4200.00000 7000.00000    0.00000
-2800.00000 7000.00000    0.00000
-1400.00000 7000.00000    0.00000
   0.00000 7000.00000    0.00000
1400.00000 7000.00000    0.00000
2800.00000 7000.00000    0.00000
4200.00000 7000.00000    0.00000
5600.00000 7000.00000    0.00000
7000.00000 7000.00000    0.00000
