0.000000000000000 0.000000000000000
0.010000000000000 0.000000000000000
0.020000000000000 0.000000000000000
0.030000000000000 0.000000000000000
0.040000000000000 0.000000000000000
0.050000000000000 0.000000000000000
0.060000000000000 0.000000000000000
0.070000000000000 0.000000000000000
0.080000000000000 0.000000000000000
0.090000000000000 0.000000000000000
0.100000000000000 0.000000000000000
0.110000000000000 0.000000000000000
0.120000000000000 0.000000000000000
0.130000000000000 0.000000000000000
0.140000000000000 0.000000000000000
0.150000000000000 0.000000000000000
0.160000000000000 0.000000000000000
0.170000000000000 0.000000000000000
0.180000000000000 0.000000000000000
0.190000000000000 0.000000000000000
0.200000000000000 0.000000000000000
0.210000000000000 0.000000000000000
0.220000000000000 0.000000000000000
0.230000000000000 0.000000000000000
0.240000000000000 0.000000000000000
0.250000000000000 0.000000000000000
0.260000000000000 0.000000000000000
0.270000000000000 0.000000000000000
0.280000000000000 0.000000000000000
0.290000000000000 0.000000000000000
0.300000000000000 0.000000000000000
0.310000000000000 0.000000000000000
0.320000000000000 0.000000000000001
0.330000000000000 0.000000000000001
0.340000000000000 0.000000000000002
0.350000000000000 0.000000000000004
0.360000000000000 0.000000000000008
0.370000000000000 0.000000000000014
0.380000000000000 0.000000000000024
0.390000000000000 0.000000000000042
0.400000000000000 0.000000000000073
0.410000000000000 0.000000000000126
0.420000000000000 0.000000000000217
0.430000000000000 0.000000000000371
0.440000000000000 0.000000000000632
0.450000000000000 0.000000000001071
0.460000000000000 0.000000000001806
0.470000000000000 0.000000000003030
0.480000000000000 0.000000000005058
0.490000000000000 0.000000000008402
0.500000000000000 0.000000000013888
0.510000000000000 0.000000000022840
0.520000000000000 0.000000000037376
0.530000000000000 0.000000000060857
0.540000000000000 0.000000000098595
0.550000000000000 0.000000000158939
0.560000000000000 0.000000000254938
0.570000000000000 0.000000000406881
0.580000000000000 0.000000000646143
0.590000000000000 0.000000001020983
0.600000000000000 0.000000001605228
0.610000000000000 0.000000002511213
0.620000000000000 0.000000003908938
0.630000000000000 0.000000006054282
0.640000000000000 0.000000009330288
0.650000000000000 0.000000014307242
0.660000000000000 0.000000021829578
0.670000000000000 0.000000033140823
0.680000000000000 0.000000050062180
0.690000000000000 0.000000075246233
0.700000000000000 0.000000112535175
0.710000000000000 0.000000167463570
0.720000000000000 0.000000247959602
0.730000000000000 0.000000365317134
0.740000000000000 0.000000535534780
0.750000000000000 0.000000781148941
0.760000000000000 0.000001133727139
0.770000000000000 0.000001637237807
0.780000000000000 0.000002352575200
0.790000000000000 0.000003363595725
0.800000000000000 0.000004785117392
0.810000000000000 0.000006773449998
0.820000000000000 0.000009540162873
0.830000000000000 0.000013369962121
0.840000000000000 0.000018643742332
0.850000000000000 0.000025868100223
0.860000000000000 0.000035712849642
0.870000000000000 0.000049058357456
0.880000000000000 0.000067054824303
0.890000000000000 0.000091195956362
0.900000000000000 0.000123409804087
0.910000000000000 0.000166169866607
0.920000000000000 0.000222629856919
0.930000000000000 0.000296785767793
0.940000000000000 0.000393669040655
0.950000000000000 0.000519574682155
0.960000000000000 0.000682328052756
0.970000000000000 0.000891593719995
0.980000000000000 0.001159229173905
0.990000000000000 0.001499685289330
1.000000000000000 0.001930454136228
1.010000000000000 0.002472563035874
1.020000000000000 0.003151111598444
1.030000000000000 0.003995845830085
1.040000000000000 0.005041760259691
1.050000000000000 0.006329715427486
1.060000000000000 0.007907054051593
1.070000000000000 0.009828194835380
1.080000000000000 0.012155178329915
1.090000000000000 0.014958134700578
1.100000000000000 0.018315638888734
1.110000000000000 0.022314914776966
1.120000000000000 0.027051846866350
1.130000000000000 0.032630755992896
1.140000000000000 0.039163895098987
1.150000000000000 0.046770622383959
1.160000000000000 0.055576212611483
1.170000000000000 0.065710273227503
1.180000000000000 0.077304740443300
1.190000000000000 0.090491441663696
1.200000000000000 0.105399224561864
1.210000000000000 0.122150669539990
1.220000000000000 0.140858420921045
1.230000000000000 0.161621192465339
1.240000000000000 0.184519523992989
1.250000000000000 0.209611387151098
1.260000000000000 0.236927758682122
1.270000000000000 0.266468297813524
1.280000000000000 0.298197279429887
1.290000000000000 0.332039945344661
1.300000000000000 0.367879441171443
1.310000000000000 0.405554505063321
1.320000000000000 0.444858066222941
1.330000000000000 0.485536895154080
1.340000000000000 0.527292424043049
1.350000000000000 0.569782824730923
1.360000000000000 0.612626394184416
1.370000000000000 0.655406254326841
1.380000000000000 0.697676326071032
1.390000000000000 0.738968488258945
1.400000000000000 0.778800783071405
1.410000000000000 0.816686482598111
1.420000000000000 0.852143788966211
1.430000000000000 0.884705904943483
1.440000000000000 0.913931185271228
1.450000000000000 0.939413062813476
1.460000000000000 0.960789439152323
1.470000000000000 0.977751237193336
1.480000000000000 0.990049833749168
1.490000000000000 0.997503122397460
1.500000000000000 1.000000000000000
1.510000000000000 0.997503122397460
1.520000000000000 0.990049833749168
1.530000000000000 0.977751237193336
1.540000000000000 0.960789439152323
1.550000000000000 0.939413062813476
1.560000000000000 0.913931185271228
1.570000000000000 0.884705904943483
1.580000000000000 0.852143788966211
1.590000000000000 0.816686482598111
1.600000000000000 0.778800783071405
1.610000000000000 0.738968488258944
1.620000000000000 0.697676326071031
1.630000000000000 0.655406254326840
1.640000000000000 0.612626394184416
1.650000000000000 0.569782824730922
1.660000000000000 0.527292424043048
1.670000000000000 0.485536895154080
1.680000000000000 0.444858066222941
1.690000000000000 0.405554505063321
1.700000000000000 0.367879441171443
1.710000000000000 0.332039945344661
1.720000000000000 0.298197279429887
1.730000000000000 0.266468297813524
1.740000000000000 0.236927758682122
1.750000000000000 0.209611387151098
1.760000000000000 0.184519523992989
1.770000000000000 0.161621192465339
1.780000000000000 0.140858420921045
1.790000000000000 0.122150669539990
1.800000000000000 0.105399224561864
1.810000000000000 0.090491441663696
1.820000000000000 0.077304740443300
1.830000000000000 0.065710273227503
1.840000000000000 0.055576212611483
1.850000000000000 0.046770622383959
1.860000000000000 0.039163895098987
1.870000000000000 0.032630755992896
1.880000000000000 0.027051846866350
1.890000000000000 0.022314914776966
1.900000000000000 0.018315638888734
1.910000000000000 0.014958134700577
1.920000000000000 0.012155178329915
1.930000000000000 0.009828194835380
1.940000000000000 0.007907054051593
1.950000000000000 0.006329715427486
1.960000000000000 0.005041760259691
1.970000000000000 0.003995845830085
1.980000000000000 0.003151111598444
1.990000000000000 0.002472563035874
2.000000000000000 0.001930454136228
2.010000000000000 0.001499685289330
2.020000000000000 0.001159229173905
2.030000000000000 0.000891593719995
2.040000000000000 0.000682328052756
2.050000000000000 0.000519574682155
2.060000000000000 0.000393669040655
2.070000000000000 0.000296785767793
2.080000000000000 0.000222629856919
2.090000000000000 0.000166169866607
2.100000000000000 0.000123409804087
2.110000000000000 0.000091195956362
2.120000000000000 0.000067054824303
2.130000000000000 0.000049058357456
2.140000000000000 0.000035712849642
2.150000000000000 0.000025868100223
2.160000000000000 0.000018643742332
2.170000000000000 0.000013369962121
2.180000000000000 0.000009540162873
2.190000000000000 0.000006773449998
2.200000000000000 0.000004785117392
2.210000000000000 0.000003363595725
2.220000000000000 0.000002352575200
2.230000000000000 0.000001637237807
2.240000000000000 0.000001133727139
2.250000000000000 0.000000781148941
2.260000000000000 0.000000535534780
2.270000000000000 0.000000365317134
2.280000000000000 0.000000247959602
2.290000000000000 0.000000167463570
2.300000000000000 0.000000112535175
2.310000000000000 0.000000075246233
2.320000000000000 0.000000050062180
2.330000000000000 0.000000033140823
2.340000000000000 0.000000021829578
2.350000000000000 0.000000014307242
2.360000000000000 0.000000009330288
2.370000000000000 0.000000006054282
2.380000000000000 0.000000003908938
2.390000000000000 0.000000002511213
2.400000000000000 0.000000001605228
2.410000000000000 0.000000001020983
2.420000000000000 0.000000000646143
2.430000000000000 0.000000000406881
2.440000000000000 0.000000000254938
2.450000000000000 0.000000000158939
2.460000000000000 0.000000000098595
2.470000000000000 0.000000000060857
2.480000000000000 0.000000000037376
2.490000000000000 0.000000000022840
2.500000000000000 0.000000000013888
2.510000000000000 0.000000000008402
2.520000000000000 0.000000000005058
2.530000000000000 0.000000000003030
2.540000000000000 0.000000000001806
2.550000000000000 0.000000000001071
2.560000000000000 0.000000000000632
2.570000000000000 0.000000000000371
2.580000000000000 0.000000000000217
2.590000000000000 0.000000000000126
2.600000000000000 0.000000000000073
2.610000000000000 0.000000000000042
2.620000000000000 0.000000000000024
2.630000000000000 0.000000000000014
2.640000000000000 0.000000000000008
2.650000000000000 0.000000000000004
2.660000000000000 0.000000000000002
2.670000000000000 0.000000000000001
2.680000000000000 0.000000000000001
2.690000000000000 0.000000000000000
2.700000000000000 0.000000000000000
2.710000000000000 0.000000000000000
2.720000000000000 0.000000000000000
2.730000000000000 0.000000000000000
2.740000000000000 0.000000000000000
2.750000000000000 0.000000000000000
2.760000000000000 0.000000000000000
2.770000000000000 0.000000000000000
2.780000000000000 0.000000000000000
2.790000000000000 0.000000000000000
2.800000000000000 0.000000000000000
2.810000000000000 0.000000000000000
2.820000000000000 0.000000000000000
2.830000000000000 0.000000000000000
2.840000000000000 0.000000000000000
2.850000000000000 0.000000000000000
2.860000000000000 0.000000000000000
2.870000000000000 0.000000000000000
2.880000000000000 0.000000000000000
2.890000000000000 0.000000000000000
2.900000000000000 0.000000000000000
2.910000000000000 0.000000000000000
2.920000000000000 0.000000000000000
2.930000000000000 0.000000000000000
2.940000000000000 0.000000000000000
2.950000000000000 0.000000000000000
2.960000000000000 0.000000000000000
2.970000000000000 0.000000000000000
2.980000000000000 0.000000000000000
2.990000000000000 0.000000000000000
3.000000000000000 0.000000000000000
3.010000000000000 0.000000000000000
3.020000000000000 0.000000000000000
3.030000000000000 0.000000000000000
3.040000000000000 0.000000000000000
3.050000000000000 0.000000000000000
3.060000000000000 0.000000000000000
3.070000000000000 0.000000000000000
3.080000000000000 0.000000000000000
3.090000000000000 0.000000000000000
3.100000000000000 0.000000000000000
3.110000000000000 0.000000000000000
3.120000000000000 0.000000000000000
3.130000000000000 0.000000000000000
3.140000000000000 0.000000000000000
3.150000000000000 0.000000000000000
3.160000000000000 0.000000000000000
3.170000000000000 0.000000000000000
3.180000000000000 0.000000000000000
3.190000000000000 0.000000000000000
3.200000000000000 0.000000000000000
3.210000000000000 0.000000000000000
3.220000000000000 0.000000000000000
3.230000000000000 0.000000000000000
3.240000000000000 0.000000000000000
3.250000000000000 0.000000000000000
3.260000000000000 0.000000000000000
3.270000000000000 0.000000000000000
3.280000000000000 0.000000000000000
3.290000000000000 0.000000000000000
3.300000000000000 0.000000000000000
3.310000000000000 0.000000000000000
3.320000000000000 0.000000000000000
3.330000000000000 0.000000000000000
3.340000000000000 0.000000000000000
3.350000000000000 0.000000000000000
3.360000000000000 0.000000000000000
3.370000000000000 0.000000000000000
3.380000000000000 0.000000000000000
3.390000000000000 0.000000000000000
3.400000000000000 0.000000000000000
3.410000000000000 0.000000000000000
3.420000000000000 0.000000000000000
3.430000000000000 0.000000000000000
3.440000000000000 0.000000000000000
3.450000000000000 0.000000000000000
3.460000000000000 0.000000000000000
3.470000000000000 0.000000000000000
3.480000000000000 0.000000000000000
3.490000000000000 0.000000000000000
3.500000000000000 0.000000000000000
3.510000000000000 0.000000000000000
3.520000000000000 0.000000000000000
3.530000000000000 0.000000000000000
3.540000000000000 0.000000000000000
3.550000000000000 0.000000000000000
3.560000000000000 0.000000000000000
3.570000000000000 0.000000000000000
3.580000000000000 0.000000000000000
3.590000000000000 0.000000000000000
3.600000000000000 0.000000000000000
3.610000000000000 0.000000000000000
3.620000000000000 0.000000000000000
3.630000000000000 0.000000000000000
3.640000000000000 0.000000000000000
3.650000000000000 0.000000000000000
3.660000000000000 0.000000000000000
3.670000000000000 0.000000000000000
3.680000000000000 0.000000000000000
3.690000000000000 0.000000000000000
3.700000000000000 0.000000000000000
3.710000000000000 0.000000000000000
3.720000000000000 0.000000000000000
3.730000000000000 0.000000000000000
3.740000000000000 0.000000000000000
3.750000000000000 0.000000000000000
3.760000000000000 0.000000000000000
3.770000000000000 0.000000000000000
3.780000000000000 0.000000000000000
3.790000000000000 0.000000000000000
3.800000000000000 0.000000000000000
3.810000000000000 0.000000000000000
3.820000000000000 0.000000000000000
3.830000000000000 0.000000000000000
3.840000000000000 0.000000000000000
3.850000000000000 0.000000000000000
3.860000000000000 0.000000000000000
3.870000000000000 0.000000000000000
3.880000000000000 0.000000000000000
3.890000000000000 0.000000000000000
3.900000000000000 0.000000000000000
3.910000000000000 0.000000000000000
3.920000000000000 0.000000000000000
3.930000000000000 0.000000000000000
3.940000000000000 0.000000000000000
3.950000000000000 0.000000000000000
3.960000000000000 0.000000000000000
3.970000000000000 0.000000000000000
3.980000000000000 0.000000000000000
3.990000000000000 0.000000000000000
4.000000000000000 0.000000000000000
4.010000000000000 0.000000000000000
4.020000000000000 0.000000000000000
4.030000000000000 0.000000000000000
4.040000000000000 0.000000000000000
4.050000000000000 0.000000000000000
4.060000000000000 0.000000000000000
4.070000000000000 0.000000000000000
4.080000000000000 0.000000000000000
4.090000000000000 0.000000000000000
4.100000000000000 0.000000000000000
4.110000000000000 0.000000000000000
4.120000000000000 0.000000000000000
4.130000000000000 0.000000000000000
4.140000000000000 0.000000000000000
4.150000000000000 0.000000000000000
4.160000000000000 0.000000000000000
4.170000000000000 0.000000000000000
4.180000000000000 0.000000000000000
4.190000000000000 0.000000000000000
4.200000000000000 0.000000000000000
4.210000000000000 0.000000000000000
4.220000000000000 0.000000000000000
4.230000000000000 0.000000000000000
4.240000000000000 0.000000000000000
4.250000000000000 0.000000000000000
4.260000000000000 0.000000000000000
4.270000000000000 0.000000000000000
4.280000000000000 0.000000000000000
4.290000000000000 0.000000000000000
4.300000000000000 0.000000000000000
4.310000000000000 0.000000000000000
4.320000000000000 0.000000000000000
4.330000000000000 0.000000000000000
4.340000000000000 0.000000000000000
4.350000000000001 0.000000000000000
4.360000000000000 0.000000000000000
4.370000000000000 0.000000000000000
4.380000000000000 0.000000000000000
4.390000000000000 0.000000000000000
4.400000000000000 0.000000000000000
4.410000000000000 0.000000000000000
4.420000000000000 0.000000000000000
4.430000000000000 0.000000000000000
4.440000000000000 0.000000000000000
4.450000000000000 0.000000000000000
4.460000000000000 0.000000000000000
4.470000000000000 0.000000000000000
4.480000000000000 0.000000000000000
4.490000000000000 0.000000000000000
4.500000000000000 0.000000000000000
4.510000000000000 0.000000000000000
4.520000000000000 0.000000000000000
4.530000000000000 0.000000000000000
4.540000000000000 0.000000000000000
4.550000000000000 0.000000000000000
4.560000000000000 0.000000000000000
4.570000000000000 0.000000000000000
4.580000000000000 0.000000000000000
4.590000000000000 0.000000000000000
4.600000000000001 0.000000000000000
4.610000000000000 0.000000000000000
4.620000000000000 0.000000000000000
4.630000000000000 0.000000000000000
4.640000000000000 0.000000000000000
4.650000000000000 0.000000000000000
4.660000000000000 0.000000000000000
4.670000000000000 0.000000000000000
4.680000000000000 0.000000000000000
4.690000000000000 0.000000000000000
4.700000000000000 0.000000000000000
4.710000000000000 0.000000000000000
4.720000000000000 0.000000000000000
4.730000000000000 0.000000000000000
4.740000000000000 0.000000000000000
4.750000000000000 0.000000000000000
4.760000000000000 0.000000000000000
4.770000000000000 0.000000000000000
4.780000000000000 0.000000000000000
4.790000000000000 0.000000000000000
4.800000000000000 0.000000000000000
4.810000000000000 0.000000000000000
4.820000000000000 0.000000000000000
4.830000000000000 0.000000000000000
4.840000000000000 0.000000000000000
4.850000000000001 0.000000000000000
4.860000000000000 0.000000000000000
4.870000000000000 0.000000000000000
4.880000000000000 0.000000000000000
4.890000000000000 0.000000000000000
4.900000000000000 0.000000000000000
4.910000000000000 0.000000000000000
4.920000000000000 0.000000000000000
4.930000000000000 0.000000000000000
4.940000000000000 0.000000000000000
4.950000000000000 0.000000000000000
4.960000000000000 0.000000000000000
4.970000000000000 0.000000000000000
4.980000000000000 0.000000000000000
4.990000000000000 0.000000000000000
5.000000000000000 0.000000000000000
5.010000000000000 0.000000000000000
5.020000000000000 0.000000000000000
5.030000000000000 0.000000000000000
5.040000000000000 0.000000000000000
5.050000000000000 0.000000000000000
5.060000000000000 0.000000000000000
5.070000000000000 0.000000000000000
5.080000000000000 0.000000000000000
5.090000000000000 0.000000000000000
5.100000000000001 0.000000000000000
5.110000000000000 0.000000000000000
5.120000000000000 0.000000000000000
5.130000000000000 0.000000000000000
5.140000000000000 0.000000000000000
5.150000000000000 0.000000000000000
5.160000000000000 0.000000000000000
5.170000000000000 0.000000000000000
5.180000000000000 0.000000000000000
5.190000000000000 0.000000000000000
5.200000000000000 0.000000000000000
5.210000000000000 0.000000000000000
5.220000000000000 0.000000000000000
5.230000000000000 0.000000000000000
5.240000000000000 0.000000000000000
5.250000000000000 0.000000000000000
5.260000000000000 0.000000000000000
5.270000000000000 0.000000000000000
5.280000000000000 0.000000000000000
5.290000000000000 0.000000000000000
5.300000000000000 0.000000000000000
5.310000000000000 0.000000000000000
5.320000000000000 0.000000000000000
5.330000000000000 0.000000000000000
5.340000000000000 0.000000000000000
5.350000000000001 0.000000000000000
5.360000000000000 0.000000000000000
5.370000000000000 0.000000000000000
5.380000000000000 0.000000000000000
5.390000000000000 0.000000000000000
5.400000000000000 0.000000000000000
5.410000000000000 0.000000000000000
5.420000000000000 0.000000000000000
5.430000000000000 0.000000000000000
5.440000000000000 0.000000000000000
5.450000000000000 0.000000000000000
5.460000000000000 0.000000000000000
5.470000000000000 0.000000000000000
5.480000000000000 0.000000000000000
5.490000000000000 0.000000000000000
5.500000000000000 0.000000000000000
5.510000000000000 0.000000000000000
5.520000000000000 0.000000000000000
5.530000000000000 0.000000000000000
5.540000000000000 0.000000000000000
5.550000000000000 0.000000000000000
5.560000000000000 0.000000000000000
5.570000000000000 0.000000000000000
5.580000000000000 0.000000000000000
5.590000000000000 0.000000000000000
5.600000000000001 0.000000000000000
5.610000000000000 0.000000000000000
5.620000000000000 0.000000000000000
5.630000000000000 0.000000000000000
5.640000000000000 0.000000000000000
5.650000000000000 0.000000000000000
5.660000000000000 0.000000000000000
5.670000000000000 0.000000000000000
5.680000000000000 0.000000000000000
5.690000000000000 0.000000000000000
5.700000000000000 0.000000000000000
5.710000000000000 0.000000000000000
5.720000000000000 0.000000000000000
5.730000000000000 0.000000000000000
5.740000000000000 0.000000000000000
5.750000000000000 0.000000000000000
5.760000000000000 0.000000000000000
5.770000000000000 0.000000000000000
5.780000000000000 0.000000000000000
5.790000000000000 0.000000000000000
5.800000000000000 0.000000000000000
5.810000000000000 0.000000000000000
5.820000000000000 0.000000000000000
5.830000000000000 0.000000000000000
5.840000000000000 0.000000000000000
5.850000000000001 0.000000000000000
5.860000000000000 0.000000000000000
5.870000000000000 0.000000000000000
5.880000000000000 0.000000000000000
5.890000000000000 0.000000000000000
5.900000000000000 0.000000000000000
5.910000000000000 0.000000000000000
5.920000000000000 0.000000000000000
5.930000000000000 0.000000000000000
5.940000000000000 0.000000000000000
5.950000000000000 0.000000000000000
5.960000000000000 0.000000000000000
5.970000000000000 0.000000000000000
5.980000000000000 0.000000000000000
5.990000000000000 0.000000000000000
6.000000000000000 0.000000000000000
6.010000000000000 0.000000000000000
6.020000000000000 0.000000000000000
6.030000000000000 0.000000000000000
6.040000000000000 0.000000000000000
6.050000000000000 0.000000000000000
6.060000000000000 0.000000000000000
6.070000000000000 0.000000000000000
6.080000000000000 0.000000000000000
6.090000000000000 0.000000000000000
6.100000000000001 0.000000000000000
6.110000000000000 0.000000000000000
6.120000000000000 0.000000000000000
6.130000000000000 0.000000000000000
6.140000000000001 0.000000000000000
6.150000000000000 0.000000000000000
6.160000000000000 0.000000000000000
6.170000000000000 0.000000000000000
6.180000000000000 0.000000000000000
6.190000000000000 0.000000000000000
6.200000000000000 0.000000000000000
6.210000000000000 0.000000000000000
6.220000000000000 0.000000000000000
6.230000000000000 0.000000000000000
6.240000000000000 0.000000000000000
6.250000000000000 0.000000000000000
6.260000000000000 0.000000000000000
6.270000000000000 0.000000000000000
6.280000000000000 0.000000000000000
6.290000000000000 0.000000000000000
6.300000000000000 0.000000000000000
6.310000000000000 0.000000000000000
6.320000000000000 0.000000000000000
6.330000000000000 0.000000000000000
6.340000000000000 0.000000000000000
6.350000000000001 0.000000000000000
6.360000000000000 0.000000000000000
6.370000000000000 0.000000000000000
6.380000000000000 0.000000000000000
6.390000000000001 0.000000000000000
6.400000000000000 0.000000000000000
6.410000000000000 0.000000000000000
6.420000000000000 0.000000000000000
6.430000000000000 0.000000000000000
6.440000000000000 0.000000000000000
6.450000000000000 0.000000000000000
6.460000000000000 0.000000000000000
6.470000000000000 0.000000000000000
6.480000000000000 0.000000000000000
6.490000000000000 0.000000000000000
6.500000000000000 0.000000000000000
6.510000000000000 0.000000000000000
6.520000000000000 0.000000000000000
6.530000000000000 0.000000000000000
6.540000000000000 0.000000000000000
6.550000000000000 0.000000000000000
6.560000000000000 0.000000000000000
6.570000000000000 0.000000000000000
6.580000000000000 0.000000000000000
6.590000000000000 0.000000000000000
6.600000000000001 0.000000000000000
6.610000000000000 0.000000000000000
6.620000000000000 0.000000000000000
6.630000000000000 0.000000000000000
6.640000000000001 0.000000000000000
6.650000000000000 0.000000000000000
6.660000000000000 0.000000000000000
6.670000000000000 0.000000000000000
6.680000000000000 0.000000000000000
6.690000000000000 0.000000000000000
6.700000000000000 0.000000000000000
6.710000000000000 0.000000000000000
6.720000000000000 0.000000000000000
6.730000000000000 0.000000000000000
6.740000000000000 0.000000000000000
6.750000000000000 0.000000000000000
6.760000000000000 0.000000000000000
6.770000000000000 0.000000000000000
6.780000000000000 0.000000000000000
6.790000000000000 0.000000000000000
6.800000000000000 0.000000000000000
6.810000000000000 0.000000000000000
6.820000000000000 0.000000000000000
6.830000000000000 0.000000000000000
6.840000000000000 0.000000000000000
6.850000000000001 0.000000000000000
6.860000000000000 0.000000000000000
6.870000000000000 0.000000000000000
6.880000000000000 0.000000000000000
6.890000000000001 0.000000000000000
6.900000000000000 0.000000000000000
6.910000000000000 0.000000000000000
6.920000000000000 0.000000000000000
6.930000000000000 0.000000000000000
6.940000000000000 0.000000000000000
6.950000000000000 0.000000000000000
6.960000000000000 0.000000000000000
6.970000000000000 0.000000000000000
6.980000000000000 0.000000000000000
6.990000000000000 0.000000000000000
7.000000000000000 0.000000000000000
7.010000000000000 0.000000000000000
7.020000000000000 0.000000000000000
7.030000000000000 0.000000000000000
7.040000000000000 0.000000000000000
7.050000000000000 0.000000000000000
7.060000000000000 0.000000000000000
7.070000000000000 0.000000000000000
7.080000000000000 0.000000000000000
7.090000000000000 0.000000000000000
7.100000000000001 0.000000000000000
7.110000000000000 0.000000000000000
7.120000000000000 0.000000000000000
7.130000000000000 0.000000000000000
7.140000000000001 0.000000000000000
7.150000000000000 0.000000000000000
7.160000000000000 0.000000000000000
7.170000000000000 0.000000000000000
7.180000000000000 0.000000000000000
7.190000000000000 0.000000000000000
7.200000000000000 0.000000000000000
7.210000000000000 0.000000000000000
7.220000000000000 0.000000000000000
7.230000000000000 0.000000000000000
7.240000000000000 0.000000000000000
7.250000000000000 0.000000000000000
7.260000000000000 0.000000000000000
7.270000000000000 0.000000000000000
7.280000000000000 0.000000000000000
7.290000000000000 0.000000000000000
7.300000000000000 0.000000000000000
7.310000000000000 0.000000000000000
7.320000000000000 0.000000000000000
7.330000000000000 0.000000000000000
7.340000000000000 0.000000000000000
7.350000000000001 0.000000000000000
7.360000000000000 0.000000000000000
7.370000000000000 0.000000000000000
7.380000000000000 0.000000000000000
7.390000000000001 0.000000000000000
7.400000000000000 0.000000000000000
7.410000000000000 0.000000000000000
7.420000000000000 0.000000000000000
7.430000000000000 0.000000000000000
7.440000000000000 0.000000000000000
7.450000000000000 0.000000000000000
7.460000000000000 0.000000000000000
7.470000000000000 0.000000000000000
7.480000000000000 0.000000000000000
7.490000000000000 0.000000000000000
7.500000000000000 0.000000000000000
7.510000000000000 0.000000000000000
7.520000000000000 0.000000000000000
7.530000000000000 0.000000000000000
7.540000000000000 0.000000000000000
7.550000000000000 0.000000000000000
7.560000000000000 0.000000000000000
7.570000000000000 0.000000000000000
7.580000000000000 0.000000000000000
7.590000000000000 0.000000000000000
7.600000000000001 0.000000000000000
7.610000000000000 0.000000000000000
7.620000000000000 0.000000000000000
7.630000000000000 0.000000000000000
7.640000000000001 0.000000000000000
7.650000000000000 0.000000000000000
7.660000000000000 0.000000000000000
7.670000000000000 0.000000000000000
7.680000000000000 0.000000000000000
7.690000000000000 0.000000000000000
7.700000000000000 0.000000000000000
7.710000000000000 0.000000000000000
7.720000000000000 0.000000000000000
7.730000000000000 0.000000000000000
7.740000000000000 0.000000000000000
7.750000000000000 0.000000000000000
7.760000000000000 0.000000000000000
7.770000000000000 0.000000000000000
7.780000000000000 0.000000000000000
7.790000000000000 0.000000000000000
7.800000000000000 0.000000000000000
7.810000000000000 0.000000000000000
7.820000000000000 0.000000000000000
7.830000000000000 0.000000000000000
7.840000000000000 0.000000000000000
7.850000000000001 0.000000000000000
7.860000000000000 0.000000000000000
7.870000000000000 0.000000000000000
7.880000000000000 0.000000000000000
7.890000000000001 0.000000000000000
7.900000000000000 0.000000000000000
7.910000000000000 0.000000000000000
7.920000000000000 0.000000000000000
7.930000000000001 0.000000000000000
7.940000000000000 0.000000000000000
7.950000000000000 0.000000000000000
7.960000000000000 0.000000000000000
7.970000000000000 0.000000000000000
7.980000000000000 0.000000000000000
7.990000000000000 0.000000000000000
8.000000000000000 0.000000000000000
8.010000000000000 0.000000000000000
8.020000000000000 0.000000000000000
8.029999999999999 0.000000000000000
8.040000000000001 0.000000000000000
8.050000000000001 0.000000000000000
8.060000000000000 0.000000000000000
8.070000000000000 0.000000000000000
8.080000000000000 0.000000000000000
8.090000000000000 0.000000000000000
8.100000000000000 0.000000000000000
8.109999999999999 0.000000000000000
8.120000000000001 0.000000000000000
8.130000000000001 0.000000000000000
8.140000000000001 0.000000000000000
8.150000000000000 0.000000000000000
8.160000000000000 0.000000000000000
8.170000000000000 0.000000000000000
8.180000000000000 0.000000000000000
8.190000000000000 0.000000000000000
8.199999999999999 0.000000000000000
8.210000000000001 0.000000000000000
8.220000000000001 0.000000000000000
8.230000000000000 0.000000000000000
8.240000000000000 0.000000000000000
8.250000000000000 0.000000000000000
8.260000000000000 0.000000000000000
8.270000000000000 0.000000000000000
8.279999999999999 0.000000000000000
8.290000000000001 0.000000000000000
8.300000000000001 0.000000000000000
8.310000000000000 0.000000000000000
8.320000000000000 0.000000000000000
8.330000000000000 0.000000000000000
8.340000000000000 0.000000000000000
8.350000000000000 0.000000000000000
8.359999999999999 0.000000000000000
8.370000000000001 0.000000000000000
8.380000000000001 0.000000000000000
8.390000000000001 0.000000000000000
8.400000000000000 0.000000000000000
8.410000000000000 0.000000000000000
8.420000000000000 0.000000000000000
8.430000000000000 0.000000000000000
8.440000000000000 0.000000000000000
8.449999999999999 0.000000000000000
8.460000000000001 0.000000000000000
8.470000000000001 0.000000000000000
8.480000000000000 0.000000000000000
8.490000000000000 0.000000000000000
8.500000000000000 0.000000000000000
8.510000000000000 0.000000000000000
8.520000000000000 0.000000000000000
8.529999999999999 0.000000000000000
8.540000000000001 0.000000000000000
8.550000000000001 0.000000000000000
8.560000000000000 0.000000000000000
8.570000000000000 0.000000000000000
8.580000000000000 0.000000000000000
8.590000000000000 0.000000000000000
8.600000000000000 0.000000000000000
8.609999999999999 0.000000000000000
8.620000000000001 0.000000000000000
8.630000000000001 0.000000000000000
8.640000000000001 0.000000000000000
8.650000000000000 0.000000000000000
8.660000000000000 0.000000000000000
8.670000000000000 0.000000000000000
8.680000000000000 0.000000000000000
8.690000000000000 0.000000000000000
8.700000000000001 0.000000000000000
8.710000000000001 0.000000000000000
8.720000000000001 0.000000000000000
8.730000000000000 0.000000000000000
8.740000000000000 0.000000000000000
8.750000000000000 0.000000000000000
8.760000000000000 0.000000000000000
8.770000000000000 0.000000000000000
8.779999999999999 0.000000000000000
8.790000000000001 0.000000000000000
8.800000000000001 0.000000000000000
8.810000000000000 0.000000000000000
8.820000000000000 0.000000000000000
8.830000000000000 0.000000000000000
8.840000000000000 0.000000000000000
8.850000000000000 0.000000000000000
8.859999999999999 0.000000000000000
8.870000000000001 0.000000000000000
8.880000000000001 0.000000000000000
8.890000000000001 0.000000000000000
8.900000000000000 0.000000000000000
8.910000000000000 0.000000000000000
8.920000000000000 0.000000000000000
8.930000000000000 0.000000000000000
8.940000000000000 0.000000000000000
8.950000000000001 0.000000000000000
8.960000000000001 0.000000000000000
8.970000000000001 0.000000000000000
8.980000000000000 0.000000000000000
8.990000000000000 0.000000000000000
9.000000000000000 0.000000000000000
9.010000000000000 0.000000000000000
9.020000000000000 0.000000000000000
9.029999999999999 0.000000000000000
9.040000000000001 0.000000000000000
9.050000000000001 0.000000000000000
9.060000000000000 0.000000000000000
9.070000000000000 0.000000000000000
9.080000000000000 0.000000000000000
9.090000000000000 0.000000000000000
9.100000000000000 0.000000000000000
9.109999999999999 0.000000000000000
9.120000000000001 0.000000000000000
9.130000000000001 0.000000000000000
9.140000000000001 0.000000000000000
9.150000000000000 0.000000000000000
9.160000000000000 0.000000000000000
9.170000000000000 0.000000000000000
9.180000000000000 0.000000000000000
9.190000000000000 0.000000000000000
9.200000000000001 0.000000000000000
9.210000000000001 0.000000000000000
9.220000000000001 0.000000000000000
9.230000000000000 0.000000000000000
9.240000000000000 0.000000000000000
9.250000000000000 0.000000000000000
9.260000000000000 0.000000000000000
9.270000000000000 0.000000000000000
9.279999999999999 0.000000000000000
9.290000000000001 0.000000000000000
9.300000000000001 0.000000000000000
9.310000000000000 0.000000000000000
9.320000000000000 0.000000000000000
9.330000000000000 0.000000000000000
9.340000000000000 0.000000000000000
9.350000000000000 0.000000000000000
9.359999999999999 0.000000000000000
9.370000000000001 0.000000000000000
9.380000000000001 0.000000000000000
9.390000000000001 0.000000000000000
9.400000000000000 0.000000000000000
9.410000000000000 0.000000000000000
9.420000000000000 0.000000000000000
9.430000000000000 0.000000000000000
9.440000000000000 0.000000000000000
9.450000000000001 0.000000000000000
9.460000000000001 0.000000000000000
9.470000000000001 0.000000000000000
9.480000000000000 0.000000000000000
9.490000000000000 0.000000000000000
9.500000000000000 0.000000000000000
9.510000000000000 0.000000000000000
9.520000000000000 0.000000000000000
9.529999999999999 0.000000000000000
9.540000000000001 0.000000000000000
9.550000000000001 0.000000000000000
9.560000000000000 0.000000000000000
9.570000000000000 0.000000000000000
9.580000000000000 0.000000000000000
9.590000000000000 0.000000000000000
9.600000000000000 0.000000000000000
9.609999999999999 0.000000000000000
9.620000000000001 0.000000000000000
9.630000000000001 0.000000000000000
9.640000000000001 0.000000000000000
9.650000000000000 0.000000000000000
9.660000000000000 0.000000000000000
9.670000000000000 0.000000000000000
9.680000000000000 0.000000000000000
9.690000000000000 0.000000000000000
9.700000000000001 0.000000000000000
9.710000000000001 0.000000000000000
9.720000000000001 0.000000000000000
9.730000000000000 0.000000000000000
9.740000000000000 0.000000000000000
9.750000000000000 0.000000000000000
9.760000000000000 0.000000000000000
9.770000000000000 0.000000000000000
9.779999999999999 0.000000000000000
9.790000000000001 0.000000000000000
9.800000000000001 0.000000000000000
9.810000000000000 0.000000000000000
9.820000000000000 0.000000000000000
9.830000000000000 0.000000000000000
9.840000000000000 0.000000000000000
9.850000000000000 0.000000000000000
9.859999999999999 0.000000000000000
9.870000000000001 0.000000000000000
9.880000000000001 0.000000000000000
9.890000000000001 0.000000000000000
9.900000000000000 0.000000000000000
9.910000000000000 0.000000000000000
9.920000000000000 0.000000000000000
9.930000000000000 0.000000000000000
9.940000000000000 0.000000000000000
9.950000000000001 0.000000000000000
9.960000000000001 0.000000000000000
9.970000000000001 0.000000000000000
9.980000000000000 0.000000000000000
9.990000000000000 0.000000000000000
10.000000000000000 0.000000000000000
10.010000000000000 0.000000000000000
10.020000000000000 0.000000000000000
10.029999999999999 0.000000000000000
10.040000000000001 0.000000000000000
10.050000000000001 0.000000000000000
10.060000000000000 0.000000000000000
10.070000000000000 0.000000000000000
10.080000000000000 0.000000000000000
10.090000000000000 0.000000000000000
10.100000000000000 0.000000000000000
10.109999999999999 0.000000000000000
10.120000000000001 0.000000000000000
10.130000000000001 0.000000000000000
10.140000000000001 0.000000000000000
10.150000000000000 0.000000000000000
10.160000000000000 0.000000000000000
10.170000000000000 0.000000000000000
10.180000000000000 0.000000000000000
10.190000000000000 0.000000000000000
10.200000000000001 0.000000000000000
10.210000000000001 0.000000000000000
10.220000000000001 0.000000000000000
10.230000000000000 0.000000000000000
10.240000000000000 0.000000000000000
10.250000000000000 0.000000000000000
10.260000000000000 0.000000000000000
10.270000000000000 0.000000000000000
10.279999999999999 0.000000000000000
10.290000000000001 0.000000000000000
10.300000000000001 0.000000000000000
10.310000000000000 0.000000000000000
10.320000000000000 0.000000000000000
10.330000000000000 0.000000000000000
10.340000000000000 0.000000000000000
10.350000000000000 0.000000000000000
10.359999999999999 0.000000000000000
10.370000000000001 0.000000000000000
10.380000000000001 0.000000000000000
10.390000000000001 0.000000000000000
10.400000000000000 0.000000000000000
10.410000000000000 0.000000000000000
10.420000000000000 0.000000000000000
10.430000000000000 0.000000000000000
10.440000000000000 0.000000000000000
10.450000000000001 0.000000000000000
10.460000000000001 0.000000000000000
10.470000000000001 0.000000000000000
10.480000000000000 0.000000000000000
10.490000000000000 0.000000000000000
10.500000000000000 0.000000000000000
10.510000000000000 0.000000000000000
10.520000000000000 0.000000000000000
10.529999999999999 0.000000000000000
10.540000000000001 0.000000000000000
10.550000000000001 0.000000000000000
10.560000000000000 0.000000000000000
10.570000000000000 0.000000000000000
10.580000000000000 0.000000000000000
10.590000000000000 0.000000000000000
10.600000000000000 0.000000000000000
10.609999999999999 0.000000000000000
10.620000000000001 0.000000000000000
10.630000000000001 0.000000000000000
10.640000000000001 0.000000000000000
10.650000000000000 0.000000000000000
10.660000000000000 0.000000000000000
10.670000000000000 0.000000000000000
10.680000000000000 0.000000000000000
10.690000000000000 0.000000000000000
10.700000000000001 0.000000000000000
10.710000000000001 0.000000000000000
10.720000000000001 0.000000000000000
10.730000000000000 0.000000000000000
10.740000000000000 0.000000000000000
10.750000000000000 0.000000000000000
10.760000000000000 0.000000000000000
10.770000000000000 0.000000000000000
10.779999999999999 0.000000000000000
10.790000000000001 0.000000000000000
10.800000000000001 0.000000000000000
10.810000000000000 0.000000000000000
10.820000000000000 0.000000000000000
10.830000000000000 0.000000000000000
10.840000000000000 0.000000000000000
10.850000000000000 0.000000000000000
10.859999999999999 0.000000000000000
10.870000000000001 0.000000000000000
10.880000000000001 0.000000000000000
10.890000000000001 0.000000000000000
10.900000000000000 0.000000000000000
10.910000000000000 0.000000000000000
10.920000000000000 0.000000000000000
10.930000000000000 0.000000000000000
10.940000000000000 0.000000000000000
10.950000000000001 0.000000000000000
10.960000000000001 0.000000000000000
10.970000000000001 0.000000000000000
10.980000000000000 0.000000000000000
10.990000000000000 0.000000000000000
11.000000000000000 0.000000000000000
11.010000000000000 0.000000000000000
11.020000000000000 0.000000000000000
11.029999999999999 0.000000000000000
11.040000000000001 0.000000000000000
11.050000000000001 0.000000000000000
11.060000000000000 0.000000000000000
11.070000000000000 0.000000000000000
11.080000000000000 0.000000000000000
11.090000000000000 0.000000000000000
11.100000000000000 0.000000000000000
11.109999999999999 0.000000000000000
11.120000000000001 0.000000000000000
11.130000000000001 0.000000000000000
11.140000000000001 0.000000000000000
11.150000000000000 0.000000000000000
11.160000000000000 0.000000000000000
11.170000000000000 0.000000000000000
11.180000000000000 0.000000000000000
11.190000000000000 0.000000000000000
11.200000000000001 0.000000000000000
11.210000000000001 0.000000000000000
11.220000000000001 0.000000000000000
11.230000000000000 0.000000000000000
11.240000000000000 0.000000000000000
11.250000000000000 0.000000000000000
11.260000000000000 0.000000000000000
11.270000000000000 0.000000000000000
11.279999999999999 0.000000000000000
11.290000000000001 0.000000000000000
11.300000000000001 0.000000000000000
11.310000000000000 0.000000000000000
11.320000000000000 0.000000000000000
11.330000000000000 0.000000000000000
11.340000000000000 0.000000000000000
11.350000000000000 0.000000000000000
11.359999999999999 0.000000000000000
11.370000000000001 0.000000000000000
11.380000000000001 0.000000000000000
11.390000000000001 0.000000000000000
11.400000000000000 0.000000000000000
11.410000000000000 0.000000000000000
11.420000000000000 0.000000000000000
11.430000000000000 0.000000000000000
11.440000000000000 0.000000000000000
11.450000000000001 0.000000000000000
11.460000000000001 0.000000000000000
11.470000000000001 0.000000000000000
11.480000000000000 0.000000000000000
11.490000000000000 0.000000000000000
11.500000000000000 0.000000000000000
11.510000000000000 0.000000000000000
11.520000000000000 0.000000000000000
11.529999999999999 0.000000000000000
11.540000000000001 0.000000000000000
11.550000000000001 0.000000000000000
11.560000000000000 0.000000000000000
11.570000000000000 0.000000000000000
11.580000000000000 0.000000000000000
11.590000000000000 0.000000000000000
11.600000000000000 0.000000000000000
11.609999999999999 0.000000000000000
11.620000000000001 0.000000000000000
11.630000000000001 0.000000000000000
11.640000000000001 0.000000000000000
11.650000000000000 0.000000000000000
11.660000000000000 0.000000000000000
11.670000000000000 0.000000000000000
11.680000000000000 0.000000000000000
11.690000000000000 0.000000000000000
11.700000000000001 0.000000000000000
11.710000000000001 0.000000000000000
11.720000000000001 0.000000000000000
11.730000000000000 0.000000000000000
11.740000000000000 0.000000000000000
11.750000000000000 0.000000000000000
11.760000000000000 0.000000000000000
11.770000000000000 0.000000000000000
11.779999999999999 0.000000000000000
11.790000000000001 0.000000000000000
11.800000000000001 0.000000000000000
11.810000000000000 0.000000000000000
11.820000000000000 0.000000000000000
11.830000000000000 0.000000000000000
11.840000000000000 0.000000000000000
11.850000000000000 0.000000000000000
11.859999999999999 0.000000000000000
11.870000000000001 0.000000000000000
11.880000000000001 0.000000000000000
11.890000000000001 0.000000000000000
11.900000000000000 0.000000000000000
11.910000000000000 0.000000000000000
11.920000000000000 0.000000000000000
11.930000000000000 0.000000000000000
11.940000000000000 0.000000000000000
11.950000000000001 0.000000000000000
11.960000000000001 0.000000000000000
11.970000000000001 0.000000000000000
11.980000000000000 0.000000000000000
11.990000000000000 0.000000000000000
12.000000000000000 0.000000000000000
12.010000000000000 0.000000000000000
12.020000000000000 0.000000000000000
12.030000000000001 0.000000000000000
12.040000000000001 0.000000000000000
12.050000000000001 0.000000000000000
12.060000000000000 0.000000000000000
12.070000000000000 0.000000000000000
12.080000000000000 0.000000000000000
12.090000000000000 0.000000000000000
12.100000000000000 0.000000000000000
12.109999999999999 0.000000000000000
12.120000000000001 0.000000000000000
12.130000000000001 0.000000000000000
12.140000000000001 0.000000000000000
12.150000000000000 0.000000000000000
12.160000000000000 0.000000000000000
12.170000000000000 0.000000000000000
12.180000000000000 0.000000000000000
12.190000000000000 0.000000000000000
12.200000000000001 0.000000000000000
12.210000000000001 0.000000000000000
12.220000000000001 0.000000000000000
12.230000000000000 0.000000000000000
12.240000000000000 0.000000000000000
12.250000000000000 0.000000000000000
12.260000000000000 0.000000000000000
12.270000000000000 0.000000000000000
12.280000000000001 0.000000000000000
12.290000000000001 0.000000000000000
12.300000000000001 0.000000000000000
12.310000000000000 0.000000000000000
12.320000000000000 0.000000000000000
12.330000000000000 0.000000000000000
12.340000000000000 0.000000000000000
12.350000000000000 0.000000000000000
12.359999999999999 0.000000000000000
12.370000000000001 0.000000000000000
12.380000000000001 0.000000000000000
12.390000000000001 0.000000000000000
12.400000000000000 0.000000000000000
12.410000000000000 0.000000000000000
12.420000000000000 0.000000000000000
12.430000000000000 0.000000000000000
12.440000000000000 0.000000000000000
12.450000000000001 0.000000000000000
12.460000000000001 0.000000000000000
12.470000000000001 0.000000000000000
12.480000000000000 0.000000000000000
12.490000000000000 0.000000000000000
12.500000000000000 0.000000000000000
12.510000000000000 0.000000000000000
12.520000000000000 0.000000000000000
12.530000000000001 0.000000000000000
12.540000000000001 0.000000000000000
12.550000000000001 0.000000000000000
12.560000000000000 0.000000000000000
12.570000000000000 0.000000000000000
12.580000000000000 0.000000000000000
12.590000000000000 0.000000000000000
12.600000000000000 0.000000000000000
12.609999999999999 0.000000000000000
12.620000000000001 0.000000000000000
12.630000000000001 0.000000000000000
12.640000000000001 0.000000000000000
12.650000000000000 0.000000000000000
12.660000000000000 0.000000000000000
12.670000000000000 0.000000000000000
12.680000000000000 0.000000000000000
12.690000000000000 0.000000000000000
12.700000000000001 0.000000000000000
12.710000000000001 0.000000000000000
12.720000000000001 0.000000000000000
12.730000000000000 0.000000000000000
12.740000000000000 0.000000000000000
12.750000000000000 0.000000000000000
12.760000000000000 0.000000000000000
12.770000000000000 0.000000000000000
12.780000000000001 0.000000000000000
12.790000000000001 0.000000000000000
12.800000000000001 0.000000000000000
12.810000000000000 0.000000000000000
12.820000000000000 0.000000000000000
12.830000000000000 0.000000000000000
12.840000000000000 0.000000000000000
12.850000000000000 0.000000000000000
12.859999999999999 0.000000000000000
12.870000000000001 0.000000000000000
12.880000000000001 0.000000000000000
12.890000000000001 0.000000000000000
12.900000000000000 0.000000000000000
12.910000000000000 0.000000000000000
12.920000000000000 0.000000000000000
12.930000000000000 0.000000000000000
12.940000000000000 0.000000000000000
12.950000000000001 0.000000000000000
12.960000000000001 0.000000000000000
12.970000000000001 0.000000000000000
12.980000000000000 0.000000000000000
12.990000000000000 0.000000000000000
13.000000000000000 0.000000000000000
13.010000000000000 0.000000000000000
13.020000000000000 0.000000000000000
13.030000000000001 0.000000000000000
13.040000000000001 0.000000000000000
13.050000000000001 0.000000000000000
13.060000000000000 0.000000000000000
13.070000000000000 0.000000000000000
13.080000000000000 0.000000000000000
13.090000000000000 0.000000000000000
13.100000000000000 0.000000000000000
13.109999999999999 0.000000000000000
13.120000000000001 0.000000000000000
13.130000000000001 0.000000000000000
13.140000000000001 0.000000000000000
13.150000000000000 0.000000000000000
13.160000000000000 0.000000000000000
13.170000000000000 0.000000000000000
13.180000000000000 0.000000000000000
13.190000000000000 0.000000000000000
13.200000000000001 0.000000000000000
13.210000000000001 0.000000000000000
13.220000000000001 0.000000000000000
13.230000000000000 0.000000000000000
13.240000000000000 0.000000000000000
13.250000000000000 0.000000000000000
13.260000000000000 0.000000000000000
13.270000000000000 0.000000000000000
13.280000000000001 0.000000000000000
13.290000000000001 0.000000000000000
13.300000000000001 0.000000000000000
13.310000000000000 0.000000000000000
13.320000000000000 0.000000000000000
13.330000000000000 0.000000000000000
13.340000000000000 0.000000000000000
13.350000000000000 0.000000000000000
13.359999999999999 0.000000000000000
13.370000000000001 0.000000000000000
13.380000000000001 0.000000000000000
13.390000000000001 0.000000000000000
13.400000000000000 0.000000000000000
13.410000000000000 0.000000000000000
13.420000000000000 0.000000000000000
13.430000000000000 0.000000000000000
13.440000000000000 0.000000000000000
13.450000000000001 0.000000000000000
13.460000000000001 0.000000000000000
13.470000000000001 0.000000000000000
13.480000000000000 0.000000000000000
13.490000000000000 0.000000000000000
13.500000000000000 0.000000000000000
13.510000000000000 0.000000000000000
13.520000000000000 0.000000000000000
13.530000000000001 0.000000000000000
13.540000000000001 0.000000000000000
13.550000000000001 0.000000000000000
13.560000000000000 0.000000000000000
13.570000000000000 0.000000000000000
13.580000000000000 0.000000000000000
13.590000000000000 0.000000000000000
13.600000000000000 0.000000000000000
13.609999999999999 0.000000000000000
13.620000000000001 0.000000000000000
13.630000000000001 0.000000000000000
13.640000000000001 0.000000000000000
13.650000000000000 0.000000000000000
13.660000000000000 0.000000000000000
13.670000000000000 0.000000000000000
13.680000000000000 0.000000000000000
13.690000000000000 0.000000000000000
13.700000000000001 0.000000000000000
13.710000000000001 0.000000000000000
13.720000000000001 0.000000000000000
13.730000000000000 0.000000000000000
13.740000000000000 0.000000000000000
13.750000000000000 0.000000000000000
13.760000000000000 0.000000000000000
13.770000000000000 0.000000000000000
13.780000000000001 0.000000000000000
13.790000000000001 0.000000000000000
13.800000000000001 0.000000000000000
13.810000000000000 0.000000000000000
13.820000000000000 0.000000000000000
13.830000000000000 0.000000000000000
13.840000000000000 0.000000000000000
13.850000000000000 0.000000000000000
13.859999999999999 0.000000000000000
13.870000000000001 0.000000000000000
13.880000000000001 0.000000000000000
13.890000000000001 0.000000000000000
13.900000000000000 0.000000000000000
13.910000000000000 0.000000000000000
13.920000000000000 0.000000000000000
13.930000000000000 0.000000000000000
13.940000000000000 0.000000000000000
13.950000000000001 0.000000000000000
13.960000000000001 0.000000000000000
13.970000000000001 0.000000000000000
13.980000000000000 0.000000000000000
13.990000000000000 0.000000000000000
14.000000000000000 0.000000000000000
14.010000000000000 0.000000000000000
14.020000000000000 0.000000000000000
14.030000000000001 0.000000000000000
14.040000000000001 0.000000000000000
14.050000000000001 0.000000000000000
14.060000000000000 0.000000000000000
14.070000000000000 0.000000000000000
14.080000000000000 0.000000000000000
14.090000000000000 0.000000000000000
14.100000000000000 0.000000000000000
14.109999999999999 0.000000000000000
14.120000000000001 0.000000000000000
14.130000000000001 0.000000000000000
14.140000000000001 0.000000000000000
14.150000000000000 0.000000000000000
14.160000000000000 0.000000000000000
14.170000000000000 0.000000000000000
14.180000000000000 0.000000000000000
14.190000000000000 0.000000000000000
14.200000000000001 0.000000000000000
14.210000000000001 0.000000000000000
14.220000000000001 0.000000000000000
14.230000000000000 0.000000000000000
14.240000000000000 0.000000000000000
14.250000000000000 0.000000000000000
14.260000000000000 0.000000000000000
14.270000000000000 0.000000000000000
14.280000000000001 0.000000000000000
14.290000000000001 0.000000000000000
14.300000000000001 0.000000000000000
14.310000000000000 0.000000000000000
14.320000000000000 0.000000000000000
14.330000000000000 0.000000000000000
14.340000000000000 0.000000000000000
14.350000000000000 0.000000000000000
14.359999999999999 0.000000000000000
14.370000000000001 0.000000000000000
14.380000000000001 0.000000000000000
14.390000000000001 0.000000000000000
14.400000000000000 0.000000000000000
14.410000000000000 0.000000000000000
14.420000000000000 0.000000000000000
14.430000000000000 0.000000000000000
14.440000000000000 0.000000000000000
14.450000000000001 0.000000000000000
14.460000000000001 0.000000000000000
14.470000000000001 0.000000000000000
14.480000000000000 0.000000000000000
14.490000000000000 0.000000000000000
14.500000000000000 0.000000000000000
14.510000000000000 0.000000000000000
14.520000000000000 0.000000000000000
14.530000000000001 0.000000000000000
14.540000000000001 0.000000000000000
14.550000000000001 0.000000000000000
14.560000000000000 0.000000000000000
14.570000000000000 0.000000000000000
14.580000000000000 0.000000000000000
14.590000000000000 0.000000000000000
14.600000000000000 0.000000000000000
14.609999999999999 0.000000000000000
14.620000000000001 0.000000000000000
14.630000000000001 0.000000000000000
14.640000000000001 0.000000000000000
14.650000000000000 0.000000000000000
14.660000000000000 0.000000000000000
14.670000000000000 0.000000000000000
14.680000000000000 0.000000000000000
14.690000000000000 0.000000000000000
14.700000000000001 0.000000000000000
14.710000000000001 0.000000000000000
14.720000000000001 0.000000000000000
14.730000000000000 0.000000000000000
14.740000000000000 0.000000000000000
14.750000000000000 0.000000000000000
14.760000000000000 0.000000000000000
14.770000000000000 0.000000000000000
14.780000000000001 0.000000000000000
14.790000000000001 0.000000000000000
14.800000000000001 0.000000000000000
14.810000000000000 0.000000000000000
14.820000000000000 0.000000000000000
14.830000000000000 0.000000000000000
14.840000000000000 0.000000000000000
14.850000000000000 0.000000000000000
14.859999999999999 0.000000000000000
14.870000000000001 0.000000000000000
14.880000000000001 0.000000000000000
14.890000000000001 0.000000000000000
14.900000000000000 0.000000000000000
14.910000000000000 0.000000000000000
14.920000000000000 0.000000000000000
14.930000000000000 0.000000000000000
14.940000000000000 0.000000000000000
14.950000000000001 0.000000000000000
14.960000000000001 0.000000000000000
14.970000000000001 0.000000000000000
14.980000000000000 0.000000000000000
14.990000000000000 0.000000000000000
15.000000000000000 0.000000000000000
15.010000000000000 0.000000000000000
15.020000000000000 0.000000000000000
15.030000000000001 0.000000000000000
15.040000000000001 0.000000000000000
15.050000000000001 0.000000000000000
15.060000000000000 0.000000000000000
15.070000000000000 0.000000000000000
15.080000000000000 0.000000000000000
15.090000000000000 0.000000000000000
15.100000000000000 0.000000000000000
15.109999999999999 0.000000000000000
15.120000000000001 0.000000000000000
15.130000000000001 0.000000000000000
15.140000000000001 0.000000000000000
15.150000000000000 0.000000000000000
15.160000000000000 0.000000000000000
15.170000000000000 0.000000000000000
15.180000000000000 0.000000000000000
15.190000000000000 0.000000000000000
15.200000000000001 0.000000000000000
15.210000000000001 0.000000000000000
15.220000000000001 0.000000000000000
15.230000000000000 0.000000000000000
15.240000000000000 0.000000000000000
15.250000000000000 0.000000000000000
15.260000000000000 0.000000000000000
15.270000000000000 0.000000000000000
15.280000000000001 0.000000000000000
15.290000000000001 0.000000000000000
15.300000000000001 0.000000000000000
15.310000000000000 0.000000000000000
15.320000000000000 0.000000000000000
15.330000000000000 0.000000000000000
15.340000000000000 0.000000000000000
15.350000000000000 0.000000000000000
15.359999999999999 0.000000000000000
15.370000000000001 0.000000000000000
15.380000000000001 0.000000000000000
15.390000000000001 0.000000000000000
15.400000000000000 0.000000000000000
15.410000000000000 0.000000000000000
15.420000000000000 0.000000000000000
15.430000000000000 0.000000000000000
15.440000000000000 0.000000000000000
15.450000000000001 0.000000000000000
15.460000000000001 0.000000000000000
15.470000000000001 0.000000000000000
15.480000000000000 0.000000000000000
15.490000000000000 0.000000000000000
15.500000000000000 0.000000000000000
15.510000000000000 0.000000000000000
15.520000000000000 0.000000000000000
15.530000000000001 0.000000000000000
15.540000000000001 0.000000000000000
15.550000000000001 0.000000000000000
15.560000000000000 0.000000000000000
15.570000000000000 0.000000000000000
15.580000000000000 0.000000000000000
15.590000000000000 0.000000000000000
15.600000000000000 0.000000000000000
15.610000000000001 0.000000000000000
15.620000000000001 0.000000000000000
15.630000000000001 0.000000000000000
15.640000000000001 0.000000000000000
15.650000000000000 0.000000000000000
15.660000000000000 0.000000000000000
15.670000000000000 0.000000000000000
15.680000000000000 0.000000000000000
15.690000000000000 0.000000000000000
15.700000000000001 0.000000000000000
15.710000000000001 0.000000000000000
15.720000000000001 0.000000000000000
15.730000000000000 0.000000000000000
15.740000000000000 0.000000000000000
15.750000000000000 0.000000000000000
15.760000000000000 0.000000000000000
15.770000000000000 0.000000000000000
15.780000000000001 0.000000000000000
15.790000000000001 0.000000000000000
15.800000000000001 0.000000000000000
15.810000000000000 0.000000000000000
15.820000000000000 0.000000000000000
15.830000000000000 0.000000000000000
15.840000000000000 0.000000000000000
15.850000000000000 0.000000000000000
15.860000000000001 0.000000000000000
15.870000000000001 0.000000000000000
15.880000000000001 0.000000000000000
15.890000000000001 0.000000000000000
15.900000000000000 0.000000000000000
15.910000000000000 0.000000000000000
15.920000000000000 0.000000000000000
15.930000000000000 0.000000000000000
15.940000000000000 0.000000000000000
15.950000000000001 0.000000000000000
15.960000000000001 0.000000000000000
15.970000000000001 0.000000000000000
15.980000000000000 0.000000000000000
15.990000000000000 0.000000000000000
16.000000000000000 0.000000000000000
16.010000000000002 0.000000000000000
16.020000000000000 0.000000000000000
16.030000000000001 0.000000000000000
16.039999999999999 0.000000000000000
16.050000000000001 0.000000000000000
16.059999999999999 0.000000000000000
16.070000000000000 0.000000000000000
16.080000000000002 0.000000000000000
16.090000000000000 0.000000000000000
16.100000000000001 0.000000000000000
16.109999999999999 0.000000000000000
16.120000000000001 0.000000000000000
16.129999999999999 0.000000000000000
16.140000000000001 0.000000000000000
16.149999999999999 0.000000000000000
16.160000000000000 0.000000000000000
16.170000000000002 0.000000000000000
16.180000000000000 0.000000000000000
16.190000000000001 0.000000000000000
16.199999999999999 0.000000000000000
16.210000000000001 0.000000000000000
16.219999999999999 0.000000000000000
16.230000000000000 0.000000000000000
16.240000000000002 0.000000000000000
16.250000000000000 0.000000000000000
16.260000000000002 0.000000000000000
16.270000000000000 0.000000000000000
16.280000000000001 0.000000000000000
16.289999999999999 0.000000000000000
16.300000000000001 0.000000000000000
16.309999999999999 0.000000000000000
16.320000000000000 0.000000000000000
16.330000000000002 0.000000000000000
16.340000000000000 0.000000000000000
16.350000000000001 0.000000000000000
16.359999999999999 0.000000000000000
16.370000000000001 0.000000000000000
16.379999999999999 0.000000000000000
16.390000000000001 0.000000000000000
16.399999999999999 0.000000000000000
16.410000000000000 0.000000000000000
16.420000000000002 0.000000000000000
16.430000000000000 0.000000000000000
16.440000000000001 0.000000000000000
16.449999999999999 0.000000000000000
16.460000000000001 0.000000000000000
16.469999999999999 0.000000000000000
16.480000000000000 0.000000000000000
16.490000000000002 0.000000000000000
16.500000000000000 0.000000000000000
16.510000000000002 0.000000000000000
16.520000000000000 0.000000000000000
16.530000000000001 0.000000000000000
16.539999999999999 0.000000000000000
16.550000000000001 0.000000000000000
16.559999999999999 0.000000000000000
16.570000000000000 0.000000000000000
16.580000000000002 0.000000000000000
16.590000000000000 0.000000000000000
16.600000000000001 0.000000000000000
16.609999999999999 0.000000000000000
16.620000000000001 0.000000000000000
16.629999999999999 0.000000000000000
16.640000000000001 0.000000000000000
16.649999999999999 0.000000000000000
16.660000000000000 0.000000000000000
16.670000000000002 0.000000000000000
16.680000000000000 0.000000000000000
16.690000000000001 0.000000000000000
16.699999999999999 0.000000000000000
16.710000000000001 0.000000000000000
16.719999999999999 0.000000000000000
16.730000000000000 0.000000000000000
16.740000000000002 0.000000000000000
16.750000000000000 0.000000000000000
16.760000000000002 0.000000000000000
16.770000000000000 0.000000000000000
16.780000000000001 0.000000000000000
16.789999999999999 0.000000000000000
16.800000000000001 0.000000000000000
16.809999999999999 0.000000000000000
16.820000000000000 0.000000000000000
16.830000000000002 0.000000000000000
16.840000000000000 0.000000000000000
16.850000000000001 0.000000000000000
16.859999999999999 0.000000000000000
16.870000000000001 0.000000000000000
16.879999999999999 0.000000000000000
16.890000000000001 0.000000000000000
16.899999999999999 0.000000000000000
16.910000000000000 0.000000000000000
16.920000000000002 0.000000000000000
16.930000000000000 0.000000000000000
16.940000000000001 0.000000000000000
16.949999999999999 0.000000000000000
16.960000000000001 0.000000000000000
16.969999999999999 0.000000000000000
16.980000000000000 0.000000000000000
16.990000000000002 0.000000000000000
17.000000000000000 0.000000000000000
17.010000000000002 0.000000000000000
17.020000000000000 0.000000000000000
17.030000000000001 0.000000000000000
17.039999999999999 0.000000000000000
17.050000000000001 0.000000000000000
17.059999999999999 0.000000000000000
17.070000000000000 0.000000000000000
17.080000000000002 0.000000000000000
17.090000000000000 0.000000000000000
17.100000000000001 0.000000000000000
17.109999999999999 0.000000000000000
17.120000000000001 0.000000000000000
17.129999999999999 0.000000000000000
17.140000000000001 0.000000000000000
17.150000000000002 0.000000000000000
17.160000000000000 0.000000000000000
17.170000000000002 0.000000000000000
17.180000000000000 0.000000000000000
17.190000000000001 0.000000000000000
17.199999999999999 0.000000000000000
17.210000000000001 0.000000000000000
17.219999999999999 0.000000000000000
17.230000000000000 0.000000000000000
17.240000000000002 0.000000000000000
17.250000000000000 0.000000000000000
17.260000000000002 0.000000000000000
17.270000000000000 0.000000000000000
17.280000000000001 0.000000000000000
17.289999999999999 0.000000000000000
17.300000000000001 0.000000000000000
17.309999999999999 0.000000000000000
17.320000000000000 0.000000000000000
17.330000000000002 0.000000000000000
17.340000000000000 0.000000000000000
17.350000000000001 0.000000000000000
17.359999999999999 0.000000000000000
17.370000000000001 0.000000000000000
17.379999999999999 0.000000000000000
17.390000000000001 0.000000000000000
17.400000000000002 0.000000000000000
17.410000000000000 0.000000000000000
17.420000000000002 0.000000000000000
17.430000000000000 0.000000000000000
17.440000000000001 0.000000000000000
17.449999999999999 0.000000000000000
17.460000000000001 0.000000000000000
17.469999999999999 0.000000000000000
17.480000000000000 0.000000000000000
17.490000000000002 0.000000000000000
17.500000000000000 0.000000000000000
17.510000000000002 0.000000000000000
17.520000000000000 0.000000000000000
17.530000000000001 0.000000000000000
17.539999999999999 0.000000000000000
17.550000000000001 0.000000000000000
17.559999999999999 0.000000000000000
17.570000000000000 0.000000000000000
17.580000000000002 0.000000000000000
17.590000000000000 0.000000000000000
17.600000000000001 0.000000000000000
17.609999999999999 0.000000000000000
17.620000000000001 0.000000000000000
17.629999999999999 0.000000000000000
17.640000000000001 0.000000000000000
17.650000000000002 0.000000000000000
17.660000000000000 0.000000000000000
17.670000000000002 0.000000000000000
17.680000000000000 0.000000000000000
17.690000000000001 0.000000000000000
17.699999999999999 0.000000000000000
17.710000000000001 0.000000000000000
17.719999999999999 0.000000000000000
17.730000000000000 0.000000000000000
17.740000000000002 0.000000000000000
17.750000000000000 0.000000000000000
17.760000000000002 0.000000000000000
17.770000000000000 0.000000000000000
17.780000000000001 0.000000000000000
17.789999999999999 0.000000000000000
17.800000000000001 0.000000000000000
17.809999999999999 0.000000000000000
17.820000000000000 0.000000000000000
17.830000000000002 0.000000000000000
17.840000000000000 0.000000000000000
17.850000000000001 0.000000000000000
17.859999999999999 0.000000000000000
17.870000000000001 0.000000000000000
17.879999999999999 0.000000000000000
17.890000000000001 0.000000000000000
17.900000000000002 0.000000000000000
17.910000000000000 0.000000000000000
17.920000000000002 0.000000000000000
17.930000000000000 0.000000000000000
17.940000000000001 0.000000000000000
17.949999999999999 0.000000000000000
17.960000000000001 0.000000000000000
17.969999999999999 0.000000000000000
17.980000000000000 0.000000000000000
17.990000000000002 0.000000000000000
18.000000000000000 0.000000000000000
18.010000000000002 0.000000000000000
18.020000000000000 0.000000000000000
18.030000000000001 0.000000000000000
18.039999999999999 0.000000000000000
18.050000000000001 0.000000000000000
18.059999999999999 0.000000000000000
18.070000000000000 0.000000000000000
18.080000000000002 0.000000000000000
18.090000000000000 0.000000000000000
18.100000000000001 0.000000000000000
18.109999999999999 0.000000000000000
18.120000000000001 0.000000000000000
18.129999999999999 0.000000000000000
18.140000000000001 0.000000000000000
18.150000000000002 0.000000000000000
18.160000000000000 0.000000000000000
18.170000000000002 0.000000000000000
18.180000000000000 0.000000000000000
18.190000000000001 0.000000000000000
18.199999999999999 0.000000000000000
18.210000000000001 0.000000000000000
18.219999999999999 0.000000000000000
18.230000000000000 0.000000000000000
18.240000000000002 0.000000000000000
18.250000000000000 0.000000000000000
18.260000000000002 0.000000000000000
18.270000000000000 0.000000000000000
18.280000000000001 0.000000000000000
18.289999999999999 0.000000000000000
18.300000000000001 0.000000000000000
18.309999999999999 0.000000000000000
18.320000000000000 0.000000000000000
18.330000000000002 0.000000000000000
18.340000000000000 0.000000000000000
18.350000000000001 0.000000000000000
18.359999999999999 0.000000000000000
18.370000000000001 0.000000000000000
18.379999999999999 0.000000000000000
18.390000000000001 0.000000000000000
18.400000000000002 0.000000000000000
18.410000000000000 0.000000000000000
18.420000000000002 0.000000000000000
18.430000000000000 0.000000000000000
18.440000000000001 0.000000000000000
18.449999999999999 0.000000000000000
18.460000000000001 0.000000000000000
18.469999999999999 0.000000000000000
18.480000000000000 0.000000000000000
18.490000000000002 0.000000000000000
18.500000000000000 0.000000000000000
18.510000000000002 0.000000000000000
18.520000000000000 0.000000000000000
18.530000000000001 0.000000000000000
18.539999999999999 0.000000000000000
18.550000000000001 0.000000000000000
18.559999999999999 0.000000000000000
18.570000000000000 0.000000000000000
18.580000000000002 0.000000000000000
18.590000000000000 0.000000000000000
18.600000000000001 0.000000000000000
18.609999999999999 0.000000000000000
18.620000000000001 0.000000000000000
18.629999999999999 0.000000000000000
18.640000000000001 0.000000000000000
18.650000000000002 0.000000000000000
18.660000000000000 0.000000000000000
18.670000000000002 0.000000000000000
18.680000000000000 0.000000000000000
18.690000000000001 0.000000000000000
18.699999999999999 0.000000000000000
18.710000000000001 0.000000000000000
18.719999999999999 0.000000000000000
18.730000000000000 0.000000000000000
18.740000000000002 0.000000000000000
18.750000000000000 0.000000000000000
18.760000000000002 0.000000000000000
18.770000000000000 0.000000000000000
18.780000000000001 0.000000000000000
18.789999999999999 0.000000000000000
18.800000000000001 0.000000000000000
18.809999999999999 0.000000000000000
18.820000000000000 0.000000000000000
18.830000000000002 0.000000000000000
18.840000000000000 0.000000000000000
18.850000000000001 0.000000000000000
18.859999999999999 0.000000000000000
18.870000000000001 0.000000000000000
18.879999999999999 0.000000000000000
18.890000000000001 0.000000000000000
18.900000000000002 0.000000000000000
18.910000000000000 0.000000000000000
18.920000000000002 0.000000000000000
18.930000000000000 0.000000000000000
18.940000000000001 0.000000000000000
18.949999999999999 0.000000000000000
18.960000000000001 0.000000000000000
18.969999999999999 0.000000000000000
18.980000000000000 0.000000000000000
18.990000000000002 0.000000000000000
19.000000000000000 0.000000000000000
19.010000000000002 0.000000000000000
19.020000000000000 0.000000000000000
19.030000000000001 0.000000000000000
19.039999999999999 0.000000000000000
19.050000000000001 0.000000000000000
19.059999999999999 0.000000000000000
19.070000000000000 0.000000000000000
19.080000000000002 0.000000000000000
19.090000000000000 0.000000000000000
19.100000000000001 0.000000000000000
19.109999999999999 0.000000000000000
19.120000000000001 0.000000000000000
19.129999999999999 0.000000000000000
19.140000000000001 0.000000000000000
19.150000000000002 0.000000000000000
19.160000000000000 0.000000000000000
19.170000000000002 0.000000000000000
19.180000000000000 0.000000000000000
19.190000000000001 0.000000000000000
19.199999999999999 0.000000000000000
19.210000000000001 0.000000000000000
19.219999999999999 0.000000000000000
19.230000000000000 0.000000000000000
19.240000000000002 0.000000000000000
19.250000000000000 0.000000000000000
19.260000000000002 0.000000000000000
19.270000000000000 0.000000000000000
19.280000000000001 0.000000000000000
19.289999999999999 0.000000000000000
19.300000000000001 0.000000000000000
19.309999999999999 0.000000000000000
19.320000000000000 0.000000000000000
19.330000000000002 0.000000000000000
19.340000000000000 0.000000000000000
19.350000000000001 0.000000000000000
19.359999999999999 0.000000000000000
19.370000000000001 0.000000000000000
19.379999999999999 0.000000000000000
19.390000000000001 0.000000000000000
19.400000000000002 0.000000000000000
19.410000000000000 0.000000000000000
19.420000000000002 0.000000000000000
19.430000000000000 0.000000000000000
19.440000000000001 0.000000000000000
19.449999999999999 0.000000000000000
19.460000000000001 0.000000000000000
19.469999999999999 0.000000000000000
19.480000000000000 0.000000000000000
19.490000000000002 0.000000000000000
19.500000000000000 0.000000000000000
19.510000000000002 0.000000000000000
19.520000000000000 0.000000000000000
19.530000000000001 0.000000000000000
19.539999999999999 0.000000000000000
19.550000000000001 0.000000000000000
19.559999999999999 0.000000000000000
19.570000000000000 0.000000000000000
19.580000000000002 0.000000000000000
19.590000000000000 0.000000000000000
19.600000000000001 0.000000000000000
19.609999999999999 0.000000000000000
19.620000000000001 0.000000000000000
19.629999999999999 0.000000000000000
19.640000000000001 0.000000000000000
19.650000000000002 0.000000000000000
19.660000000000000 0.000000000000000
19.670000000000002 0.000000000000000
19.680000000000000 0.000000000000000
19.690000000000001 0.000000000000000
19.699999999999999 0.000000000000000
19.710000000000001 0.000000000000000
19.719999999999999 0.000000000000000
19.730000000000000 0.000000000000000
19.740000000000002 0.000000000000000
19.750000000000000 0.000000000000000
19.760000000000002 0.000000000000000
19.770000000000000 0.000000000000000
19.780000000000001 0.000000000000000
19.789999999999999 0.000000000000000
19.800000000000001 0.000000000000000
19.809999999999999 0.000000000000000
19.820000000000000 0.000000000000000
19.830000000000002 0.000000000000000
19.840000000000000 0.000000000000000
19.850000000000001 0.000000000000000
19.859999999999999 0.000000000000000
19.870000000000001 0.000000000000000
19.879999999999999 0.000000000000000
19.890000000000001 0.000000000000000
19.900000000000002 0.000000000000000
19.910000000000000 0.000000000000000
19.920000000000002 0.000000000000000
19.930000000000000 0.000000000000000
19.940000000000001 0.000000000000000
19.949999999999999 0.000000000000000
19.960000000000001 0.000000000000000
19.969999999999999 0.000000000000000
19.980000000000000 0.000000000000000
19.990000000000002 0.000000000000000
20.000000000000000 0.000000000000000
