  -5.00000   -5.00000    0.00000
  -3.88889   -5.00000    0.00000
  -2.77778   -5.00000    0.00000
  -1.66667   -5.00000    0.00000
  -0.55556   -5.00000    0.00000
   0.55556   -5.00000    0.00000
   1.66667   -5.00000    0.00000
   2.77778   -5.00000    0.00000
   3.88889   -5.00000    0.00000
   5.00000   -5.00000    0.00000
  -5.00000   -3.88889    0.00000
  -3.88889   -3.88889    0.00000
  -2.77778   -3.88889    0.00000
  -1.66667   -3.88889    0.00000
  -0.55556   -3.88889    0.00000
   0.55556   -3.88889    0.00000
   1.66667   -3.88889    0.00000
   2.77778   -3.88889    0.00000
   3.88889   -3.88889    0.00000
   5.00000   -3.88889    0.00000
  -5.00000   -2.77778    0.00000
  -3.88889   -2.77778    0.00000
  -2.77778   -2.77778    0.00000
  -1.66667   -2.77778    0.00000
  -0.55556   -2.77778    0.00000
   0.55556   -2.77778    0.00000
   1.66667   -2.77778    0.00000
   2.77778   -2.77778    0.00000
   3.88889   -2.77778    0.00000
   5.00000   -2.77778    0.00000
  -5.00000   -1.66667    0.00000
  -3.88889   -1.66667    0.00000
  -2.77778   -1.66667    0.00000
  -1.66667   -1.66667    0.00000
  -0.55556   -1.66667    0.00000
   0.55556   -1.66667    0.00000
   1.66667   -1.66667    0.00000
   2.77778   -1.66667    0.00000
   3.88889   -1.66667    0.00000
   5.00000   -1.66667    0.00000
  -5.00000   -0.55556    0.00000
  -3.88889   -0.55556    0.00000
  -2.77778   -0.55556    0.00000
  -1.66667   -0.55556    0.00000
  -0.55556   -0.55556    0.00000
   0.55556   -0.55556    0.00000
   1.66667   -0.55556    0.00000
   2.77778   -0.55556    0.00000
   3.88889   -0.55556    0.00000
   5.00000   -0.55556    0.00000
  -5.00000    0.55556    0.00000
  -3.88889    0.55556    0.00000
  -2.77778    0.55556    0.00000
  -1.66667    0.55556    0.00000
  -0.55556    0.55556    0.00000
   0.55556    0.55556    0.00000
   1.66667    0.55556    0.00000
   2.77778    0.55556    0.00000
   3.88889    0.55556    0.00000
   5.00000    0.55556    0.00000
  -5.00000    1.66667    0.00000
  -3.88889    1.66667    0.00000
  -2.77778    1.66667    0.00000
  -1.66667    1.66667    0.00000
  -0.55556    1.66667    0.00000
   0.55556    1.66667    0.00000
   1.66667    1.66667    0.00000
   2.77778    1.66667    0.00000
   3.88889    1.66667    0.00000
   5.00000    1.66667    0.00000
  -5.00000    2.77778    0.00000
  -3.88889    2.77778    0.00000
  -2.77778    2.77778    0.00000
  -1.66667    2.77778    0.00000
  -0.55556    2.77778    0.00000
   0.55556    2.77778    0.00000
   1.66667    2.77778    0.00000
   2.77778    2.77778    0.00000
   3.88889    2.77778    0.00000
   5.00000    2.77778    0.00000
  -5.00000    3.88889    0.00000
  -3.88889    3.88889    0.00000
  -2.77778    3.88889    0.00000
  -1.66667    3.88889    0.00000
  -0.55556    3.88889    0.00000
   0.55556    3.88889    0.00000
   1.66667    3.88889    0.00000
   2.77778    3.88889    0.00000
   3.88889    3.88889    0.00000
   5.00000    3.88889    0.00000
  -5.00000    5.00000    0.00000
  -3.88889    5.00000    0.00000
  -2.77778    5.00000    0.00000
  -1.66667    5.00000    0.00000
  -0.55556    5.00000    0.00000
   0.55556    5.00000    0.00000
   1.66667    5.00000    0.00000
   2.77778    5.00000    0.00000
   3.88889    5.00000    0.00000
   5.00000    5.00000    0.00000
