-17.5 -17.5 0.0
-17.5 -14.0 0.0
-17.5 -10.5 0.0
-17.5 -7.0 0.0
-17.5 -3.5 0.0
-17.5 0.0 0.0
-17.5 3.5 0.0
-17.5 7.0 0.0
-17.5 10.5 0.0
-17.5 14.0 0.0
-17.5 17.5 0.0
-14.0 -17.5 0.0
-14.0 -14.0 0.0
-14.0 -10.5 0.0
-14.0 -7.0 0.0
-14.0 -3.5 0.0
-14.0 0.0 0.0
-14.0 3.5 0.0
-14.0 7.0 0.0
-14.0 10.5 0.0
-14.0 14.0 0.0
-14.0 17.5 0.0
-10.5 -17.5 0.0
-10.5 -14.0 0.0
-10.5 -10.5 0.0
-10.5 -7.0 0.0
-10.5 -3.5 0.0
-10.5 0.0 0.0
-10.5 3.5 0.0
-10.5 7.0 0.0
-10.5 10.5 0.0
-10.5 14.0 0.0
-10.5 17.5 0.0
-7.0 -17.5 0.0
-7.0 -14.0 0.0
-7.0 -10.5 0.0
-7.0 -7.0 0.0
-7.0 -3.5 0.0
-7.0 0.0 0.0
-7.0 3.5 0.0
-7.0 7.0 0.0
-7.0 10.5 0.0
-7.0 14.0 0.0
-7.0 17.5 0.0
-3.5 -17.5 0.0
-3.5 -14.0 0.0
-3.5 -10.5 0.0
-3.5 -7.0 0.0
-3.5 -3.5 0.0
-3.5 0.0 0.0
-3.5 3.5 0.0
-3.5 7.0 0.0
-3.5 10.5 0.0
-3.5 14.0 0.0
-3.5 17.5 0.0
0.0 -17.5 0.0
0.0 -14.0 0.0
0.0 -10.5 0.0
0.0 -7.0 0.0
0.0 -3.5 0.0
0.0 0.0 0.0
0.0 3.5 0.0
0.0 7.0 0.0
0.0 10.5 0.0
0.0 14.0 0.0
0.0 17.5 0.0
3.5 -17.5 0.0
3.5 -14.0 0.0
3.5 -10.5 0.0
3.5 -7.0 0.0
3.5 -3.5 0.0
3.5 0.0 0.0
3.5 3.5 0.0
3.5 7.0 0.0
3.5 10.5 0.0
3.5 14.0 0.0
3.5 17.5 0.0
7.0 -17.5 0.0
7.0 -14.0 0.0
7.0 -10.5 0.0
7.0 -7.0 0.0
7.0 -3.5 0.0
7.0 0.0 0.0
7.0 3.5 0.0
7.0 7.0 0.0
7.0 10.5 0.0
7.0 14.0 0.0
7.0 17.5 0.0
10.5 -17.5 0.0
10.5 -14.0 0.0
10.5 -10.5 0.0
10.5 -7.0 0.0
10.5 -3.5 0.0
10.5 0.0 0.0
10.5 3.5 0.0
10.5 7.0 0.0
10.5 10.5 0.0
10.5 14.0 0.0
10.5 17.5 0.0
14.0 -17.5 0.0
14.0 -14.0 0.0
14.0 -10.5 0.0
14.0 -7.0 0.0
14.0 -3.5 0.0
14.0 0.0 0.0
14.0 3.5 0.0
14.0 7.0 0.0
14.0 10.5 0.0
14.0 14.0 0.0
14.0 17.5 0.0
17.5 -17.5 0.0
17.5 -14.0 0.0
17.5 -10.5 0.0
17.5 -7.0 0.0
17.5 -3.5 0.0
17.5 0.0 0.0
17.5 3.5 0.0
17.5 7.0 0.0
17.5 10.5 0.0
17.5 14.0 0.0
17.5 17.5 0.0