-9000.00000 -9000.00000    0.00000
-9000.00000 -9000.00000    0.00000
-9000.00000 -9000.00000    0.00000
-9000.00000 -9000.00000    0.00000
-9000.00000 -9000.00000    0.00000
-9000.00000 -9000.00000    0.00000
-9000.00000 -9000.00000    0.00000
-9000.00000 -9000.00000    0.00000
-9000.00000 -9000.00000    0.00000
-9000.00000 -9000.00000    0.00000
-7000.00000 -9000.00000    0.00000
-7000.00000 -9000.00000    0.00000
-7000.00000 -9000.00000    0.00000
-7000.00000 -9000.00000    0.00000
-7000.00000 -9000.00000    0.00000
-7000.00000 -9000.00000    0.00000
-7000.00000 -9000.00000    0.00000
-7000.00000 -9000.00000    0.00000
-7000.00000 -9000.00000    0.00000
-7000.00000 -9000.00000    0.00000
-5000.00000 -9000.00000    0.00000
-5000.00000 -9000.00000    0.00000
-5000.00000 -9000.00000    0.00000
-5000.00000 -9000.00000    0.00000
-5000.00000 -9000.00000    0.00000
-5000.00000 -9000.00000    0.00000
-5000.00000 -9000.00000    0.00000
-5000.00000 -9000.00000    0.00000
-5000.00000 -9000.00000    0.00000
-5000.00000 -9000.00000    0.00000
-3000.00000 -9000.00000    0.00000
-3000.00000 -9000.00000    0.00000
-3000.00000 -9000.00000    0.00000
-3000.00000 -9000.00000    0.00000
-3000.00000 -9000.00000    0.00000
-3000.00000 -9000.00000    0.00000
-3000.00000 -9000.00000    0.00000
-3000.00000 -9000.00000    0.00000
-3000.00000 -9000.00000    0.00000
-3000.00000 -9000.00000    0.00000
-1000.00000 -9000.00000    0.00000
-1000.00000 -9000.00000    0.00000
-1000.00000 -9000.00000    0.00000
-1000.00000 -9000.00000    0.00000
-1000.00000 -9000.00000    0.00000
-1000.00000 -9000.00000    0.00000
-1000.00000 -9000.00000    0.00000
-1000.00000 -9000.00000    0.00000
-1000.00000 -9000.00000    0.00000
-1000.00000 -9000.00000    0.00000
1000.00000 -9000.00000    0.00000
1000.00000 -9000.00000    0.00000
1000.00000 -9000.00000    0.00000
1000.00000 -9000.00000    0.00000
1000.00000 -9000.00000    0.00000
1000.00000 -9000.00000    0.00000
1000.00000 -9000.00000    0.00000
1000.00000 -9000.00000    0.00000
1000.00000 -9000.00000    0.00000
1000.00000 -9000.00000    0.00000
3000.00000 -9000.00000    0.00000
3000.00000 -9000.00000    0.00000
3000.00000 -9000.00000    0.00000
3000.00000 -9000.00000    0.00000
3000.00000 -9000.00000    0.00000
3000.00000 -9000.00000    0.00000
3000.00000 -9000.00000    0.00000
3000.00000 -9000.00000    0.00000
3000.00000 -9000.00000    0.00000
3000.00000 -9000.00000    0.00000
5000.00000 -9000.00000    0.00000
5000.00000 -9000.00000    0.00000
5000.00000 -9000.00000    0.00000
5000.00000 -9000.00000    0.00000
5000.00000 -9000.00000    0.00000
5000.00000 -9000.00000    0.00000
5000.00000 -9000.00000    0.00000
5000.00000 -9000.00000    0.00000
5000.00000 -9000.00000    0.00000
5000.00000 -9000.00000    0.00000
7000.00000 -9000.00000    0.00000
7000.00000 -9000.00000    0.00000
7000.00000 -9000.00000    0.00000
7000.00000 -9000.00000    0.00000
7000.00000 -9000.00000    0.00000
7000.00000 -9000.00000    0.00000
7000.00000 -9000.00000    0.00000
7000.00000 -9000.00000    0.00000
7000.00000 -9000.00000    0.00000
7000.00000 -9000.00000    0.00000
9000.00000 -9000.00000    0.00000
9000.00000 -9000.00000    0.00000
9000.00000 -9000.00000    0.00000
9000.00000 -9000.00000    0.00000
9000.00000 -9000.00000    0.00000
9000.00000 -9000.00000    0.00000
9000.00000 -9000.00000    0.00000
9000.00000 -9000.00000    0.00000
9000.00000 -9000.00000    0.00000
9000.00000 -9000.00000    0.00000
-9000.00000 -7000.00000    0.00000
-9000.00000 -7000.00000    0.00000
-9000.00000 -7000.00000    0.00000
-9000.00000 -7000.00000    0.00000
-9000.00000 -7000.00000    0.00000
-9000.00000 -7000.00000    0.00000
-9000.00000 -7000.00000    0.00000
-9000.00000 -7000.00000    0.00000
-9000.00000 -7000.00000    0.00000
-9000.00000 -7000.00000    0.00000
-7000.00000 -7000.00000    0.00000
-7000.00000 -7000.00000    0.00000
-7000.00000 -7000.00000    0.00000
-7000.00000 -7000.00000    0.00000
-7000.00000 -7000.00000    0.00000
-7000.00000 -7000.00000    0.00000
-7000.00000 -7000.00000    0.00000
-7000.00000 -7000.00000    0.00000
-7000.00000 -7000.00000    0.00000
-7000.00000 -7000.00000    0.00000
-5000.00000 -7000.00000    0.00000
-5000.00000 -7000.00000    0.00000
-5000.00000 -7000.00000    0.00000
-5000.00000 -7000.00000    0.00000
-5000.00000 -7000.00000    0.00000
-5000.00000 -7000.00000    0.00000
-5000.00000 -7000.00000    0.00000
-5000.00000 -7000.00000    0.00000
-5000.00000 -7000.00000    0.00000
-5000.00000 -7000.00000    0.00000
-3000.00000 -7000.00000    0.00000
-3000.00000 -7000.00000    0.00000
-3000.00000 -7000.00000    0.00000
-3000.00000 -7000.00000    0.00000
-3000.00000 -7000.00000    0.00000
-3000.00000 -7000.00000    0.00000
-3000.00000 -7000.00000    0.00000
-3000.00000 -7000.00000    0.00000
-3000.00000 -7000.00000    0.00000
-3000.00000 -7000.00000    0.00000
-1000.00000 -7000.00000    0.00000
-1000.00000 -7000.00000    0.00000
-1000.00000 -7000.00000    0.00000
-1000.00000 -7000.00000    0.00000
-1000.00000 -7000.00000    0.00000
-1000.00000 -7000.00000    0.00000
-1000.00000 -7000.00000    0.00000
-1000.00000 -7000.00000    0.00000
-1000.00000 -7000.00000    0.00000
-1000.00000 -7000.00000    0.00000
1000.00000 -7000.00000    0.00000
1000.00000 -7000.00000    0.00000
1000.00000 -7000.00000    0.00000
1000.00000 -7000.00000    0.00000
1000.00000 -7000.00000    0.00000
1000.00000 -7000.00000    0.00000
1000.00000 -7000.00000    0.00000
1000.00000 -7000.00000    0.00000
1000.00000 -7000.00000    0.00000
1000.00000 -7000.00000    0.00000
3000.00000 -7000.00000    0.00000
3000.00000 -7000.00000    0.00000
3000.00000 -7000.00000    0.00000
3000.00000 -7000.00000    0.00000
3000.00000 -7000.00000    0.00000
3000.00000 -7000.00000    0.00000
3000.00000 -7000.00000    0.00000
3000.00000 -7000.00000    0.00000
3000.00000 -7000.00000    0.00000
3000.00000 -7000.00000    0.00000
5000.00000 -7000.00000    0.00000
5000.00000 -7000.00000    0.00000
5000.00000 -7000.00000    0.00000
5000.00000 -7000.00000    0.00000
5000.00000 -7000.00000    0.00000
5000.00000 -7000.00000    0.00000
5000.00000 -7000.00000    0.00000
5000.00000 -7000.00000    0.00000
5000.00000 -7000.00000    0.00000
5000.00000 -7000.00000    0.00000
7000.00000 -7000.00000    0.00000
7000.00000 -7000.00000    0.00000
7000.00000 -7000.00000    0.00000
7000.00000 -7000.00000    0.00000
7000.00000 -7000.00000    0.00000
7000.00000 -7000.00000    0.00000
7000.00000 -7000.00000    0.00000
7000.00000 -7000.00000    0.00000
7000.00000 -7000.00000    0.00000
7000.00000 -7000.00000    0.00000
9000.00000 -7000.00000    0.00000
9000.00000 -7000.00000    0.00000
9000.00000 -7000.00000    0.00000
9000.00000 -7000.00000    0.00000
9000.00000 -7000.00000    0.00000
9000.00000 -7000.00000    0.00000
9000.00000 -7000.00000    0.00000
9000.00000 -7000.00000    0.00000
9000.00000 -7000.00000    0.00000
9000.00000 -7000.00000    0.00000
-9000.00000 -5000.00000    0.00000
-9000.00000 -5000.00000    0.00000
-9000.00000 -5000.00000    0.00000
-9000.00000 -5000.00000    0.00000
-9000.00000 -5000.00000    0.00000
-9000.00000 -5000.00000    0.00000
-9000.00000 -5000.00000    0.00000
-9000.00000 -5000.00000    0.00000
-9000.00000 -5000.00000    0.00000
-9000.00000 -5000.00000    0.00000
-7000.00000 -5000.00000    0.00000
-7000.00000 -5000.00000    0.00000
-7000.00000 -5000.00000    0.00000
-7000.00000 -5000.00000    0.00000
-7000.00000 -5000.00000    0.00000
-7000.00000 -5000.00000    0.00000
-7000.00000 -5000.00000    0.00000
-7000.00000 -5000.00000    0.00000
-7000.00000 -5000.00000    0.00000
-7000.00000 -5000.00000    0.00000
-5000.00000 -5000.00000    0.00000
-5000.00000 -5000.00000    0.00000
-5000.00000 -5000.00000    0.00000
-5000.00000 -5000.00000    0.00000
-5000.00000 -5000.00000    0.00000
-5000.00000 -5000.00000    0.00000
-5000.00000 -5000.00000    0.00000
-5000.00000 -5000.00000    0.00000
-5000.00000 -5000.00000    0.00000
-5000.00000 -5000.00000    0.00000
-3000.00000 -5000.00000    0.00000
-3000.00000 -5000.00000    0.00000
-3000.00000 -5000.00000    0.00000
-3000.00000 -5000.00000    0.00000
-3000.00000 -5000.00000    0.00000
-3000.00000 -5000.00000    0.00000
-3000.00000 -5000.00000    0.00000
-3000.00000 -5000.00000    0.00000
-3000.00000 -5000.00000    0.00000
-3000.00000 -5000.00000    0.00000
-1000.00000 -5000.00000    0.00000
-1000.00000 -5000.00000    0.00000
-1000.00000 -5000.00000    0.00000
-1000.00000 -5000.00000    0.00000
-1000.00000 -5000.00000    0.00000
-1000.00000 -5000.00000    0.00000
-1000.00000 -5000.00000    0.00000
-1000.00000 -5000.00000    0.00000
-1000.00000 -5000.00000    0.00000
-1000.00000 -5000.00000    0.00000
1000.00000 -5000.00000    0.00000
1000.00000 -5000.00000    0.00000
1000.00000 -5000.00000    0.00000
1000.00000 -5000.00000    0.00000
1000.00000 -5000.00000    0.00000
1000.00000 -5000.00000    0.00000
1000.00000 -5000.00000    0.00000
1000.00000 -5000.00000    0.00000
1000.00000 -5000.00000    0.00000
1000.00000 -5000.00000    0.00000
3000.00000 -5000.00000    0.00000
3000.00000 -5000.00000    0.00000
3000.00000 -5000.00000    0.00000
3000.00000 -5000.00000    0.00000
3000.00000 -5000.00000    0.00000
3000.00000 -5000.00000    0.00000
3000.00000 -5000.00000    0.00000
3000.00000 -5000.00000    0.00000
3000.00000 -5000.00000    0.00000
3000.00000 -5000.00000    0.00000
5000.00000 -5000.00000    0.00000
5000.00000 -5000.00000    0.00000
5000.00000 -5000.00000    0.00000
5000.00000 -5000.00000    0.00000
5000.00000 -5000.00000    0.00000
5000.00000 -5000.00000    0.00000
5000.00000 -5000.00000    0.00000
5000.00000 -5000.00000    0.00000
5000.00000 -5000.00000    0.00000
5000.00000 -5000.00000    0.00000
7000.00000 -5000.00000    0.00000
7000.00000 -5000.00000    0.00000
7000.00000 -5000.00000    0.00000
7000.00000 -5000.00000    0.00000
7000.00000 -5000.00000    0.00000
7000.00000 -5000.00000    0.00000
7000.00000 -5000.00000    0.00000
7000.00000 -5000.00000    0.00000
7000.00000 -5000.00000    0.00000
7000.00000 -5000.00000    0.00000
9000.00000 -5000.00000    0.00000
9000.00000 -5000.00000    0.00000
9000.00000 -5000.00000    0.00000
9000.00000 -5000.00000    0.00000
9000.00000 -5000.00000    0.00000
9000.00000 -5000.00000    0.00000
9000.00000 -5000.00000    0.00000
9000.00000 -5000.00000    0.00000
9000.00000 -5000.00000    0.00000
9000.00000 -5000.00000    0.00000
-9000.00000 -3000.00000    0.00000
-9000.00000 -3000.00000    0.00000
-9000.00000 -3000.00000    0.00000
-9000.00000 -3000.00000    0.00000
-9000.00000 -3000.00000    0.00000
-9000.00000 -3000.00000    0.00000
-9000.00000 -3000.00000    0.00000
-9000.00000 -3000.00000    0.00000
-9000.00000 -3000.00000    0.00000
-9000.00000 -3000.00000    0.00000
-7000.00000 -3000.00000    0.00000
-7000.00000 -3000.00000    0.00000
-7000.00000 -3000.00000    0.00000
-7000.00000 -3000.00000    0.00000
-7000.00000 -3000.00000    0.00000
-7000.00000 -3000.00000    0.00000
-7000.00000 -3000.00000    0.00000
-7000.00000 -3000.00000    0.00000
-7000.00000 -3000.00000    0.00000
-7000.00000 -3000.00000    0.00000
-5000.00000 -3000.00000    0.00000
-5000.00000 -3000.00000    0.00000
-5000.00000 -3000.00000    0.00000
-5000.00000 -3000.00000    0.00000
-5000.00000 -3000.00000    0.00000
-5000.00000 -3000.00000    0.00000
-5000.00000 -3000.00000    0.00000
-5000.00000 -3000.00000    0.00000
-5000.00000 -3000.00000    0.00000
-5000.00000 -3000.00000    0.00000
-3000.00000 -3000.00000    0.00000
-3000.00000 -3000.00000    0.00000
-3000.00000 -3000.00000    0.00000
-3000.00000 -3000.00000    0.00000
-3000.00000 -3000.00000    0.00000
-3000.00000 -3000.00000    0.00000
-3000.00000 -3000.00000    0.00000
-3000.00000 -3000.00000    0.00000
-3000.00000 -3000.00000    0.00000
-3000.00000 -3000.00000    0.00000
-1000.00000 -3000.00000    0.00000
-1000.00000 -3000.00000    0.00000
-1000.00000 -3000.00000    0.00000
-1000.00000 -3000.00000    0.00000
-1000.00000 -3000.00000    0.00000
-1000.00000 -3000.00000    0.00000
-1000.00000 -3000.00000    0.00000
-1000.00000 -3000.00000    0.00000
-1000.00000 -3000.00000    0.00000
-1000.00000 -3000.00000    0.00000
1000.00000 -3000.00000    0.00000
1000.00000 -3000.00000    0.00000
1000.00000 -3000.00000    0.00000
1000.00000 -3000.00000    0.00000
1000.00000 -3000.00000    0.00000
1000.00000 -3000.00000    0.00000
1000.00000 -3000.00000    0.00000
1000.00000 -3000.00000    0.00000
1000.00000 -3000.00000    0.00000
1000.00000 -3000.00000    0.00000
3000.00000 -3000.00000    0.00000
3000.00000 -3000.00000    0.00000
3000.00000 -3000.00000    0.00000
3000.00000 -3000.00000    0.00000
3000.00000 -3000.00000    0.00000
3000.00000 -3000.00000    0.00000
3000.00000 -3000.00000    0.00000
3000.00000 -3000.00000    0.00000
3000.00000 -3000.00000    0.00000
3000.00000 -3000.00000    0.00000
5000.00000 -3000.00000    0.00000
5000.00000 -3000.00000    0.00000
5000.00000 -3000.00000    0.00000
5000.00000 -3000.00000    0.00000
5000.00000 -3000.00000    0.00000
5000.00000 -3000.00000    0.00000
5000.00000 -3000.00000    0.00000
5000.00000 -3000.00000    0.00000
5000.00000 -3000.00000    0.00000
5000.00000 -3000.00000    0.00000
7000.00000 -3000.00000    0.00000
7000.00000 -3000.00000    0.00000
7000.00000 -3000.00000    0.00000
7000.00000 -3000.00000    0.00000
7000.00000 -3000.00000    0.00000
7000.00000 -3000.00000    0.00000
7000.00000 -3000.00000    0.00000
7000.00000 -3000.00000    0.00000
7000.00000 -3000.00000    0.00000
7000.00000 -3000.00000    0.00000
9000.00000 -3000.00000    0.00000
9000.00000 -3000.00000    0.00000
9000.00000 -3000.00000    0.00000
9000.00000 -3000.00000    0.00000
9000.00000 -3000.00000    0.00000
9000.00000 -3000.00000    0.00000
9000.00000 -3000.00000    0.00000
9000.00000 -3000.00000    0.00000
9000.00000 -3000.00000    0.00000
9000.00000 -3000.00000    0.00000
-9000.00000 -1000.00000    0.00000
-9000.00000 -1000.00000    0.00000
-9000.00000 -1000.00000    0.00000
-9000.00000 -1000.00000    0.00000
-9000.00000 -1000.00000    0.00000
-9000.00000 -1000.00000    0.00000
-9000.00000 -1000.00000    0.00000
-9000.00000 -1000.00000    0.00000
-9000.00000 -1000.00000    0.00000
-9000.00000 -1000.00000    0.00000
-7000.00000 -1000.00000    0.00000
-7000.00000 -1000.00000    0.00000
-7000.00000 -1000.00000    0.00000
-7000.00000 -1000.00000    0.00000
-7000.00000 -1000.00000    0.00000
-7000.00000 -1000.00000    0.00000
-7000.00000 -1000.00000    0.00000
-7000.00000 -1000.00000    0.00000
-7000.00000 -1000.00000    0.00000
-7000.00000 -1000.00000    0.00000
-5000.00000 -1000.00000    0.00000
-5000.00000 -1000.00000    0.00000
-5000.00000 -1000.00000    0.00000
-5000.00000 -1000.00000    0.00000
-5000.00000 -1000.00000    0.00000
-5000.00000 -1000.00000    0.00000
-5000.00000 -1000.00000    0.00000
-5000.00000 -1000.00000    0.00000
-5000.00000 -1000.00000    0.00000
-5000.00000 -1000.00000    0.00000
-3000.00000 -1000.00000    0.00000
-3000.00000 -1000.00000    0.00000
-3000.00000 -1000.00000    0.00000
-3000.00000 -1000.00000    0.00000
-3000.00000 -1000.00000    0.00000
-3000.00000 -1000.00000    0.00000
-3000.00000 -1000.00000    0.00000
-3000.00000 -1000.00000    0.00000
-3000.00000 -1000.00000    0.00000
-3000.00000 -1000.00000    0.00000
-1000.00000 -1000.00000    0.00000
-1000.00000 -1000.00000    0.00000
-1000.00000 -1000.00000    0.00000
-1000.00000 -1000.00000    0.00000
-1000.00000 -1000.00000    0.00000
-1000.00000 -1000.00000    0.00000
-1000.00000 -1000.00000    0.00000
-1000.00000 -1000.00000    0.00000
-1000.00000 -1000.00000    0.00000
-1000.00000 -1000.00000    0.00000
1000.00000 -1000.00000    0.00000
1000.00000 -1000.00000    0.00000
1000.00000 -1000.00000    0.00000
1000.00000 -1000.00000    0.00000
1000.00000 -1000.00000    0.00000
1000.00000 -1000.00000    0.00000
1000.00000 -1000.00000    0.00000
1000.00000 -1000.00000    0.00000
1000.00000 -1000.00000    0.00000
1000.00000 -1000.00000    0.00000
3000.00000 -1000.00000    0.00000
3000.00000 -1000.00000    0.00000
3000.00000 -1000.00000    0.00000
3000.00000 -1000.00000    0.00000
3000.00000 -1000.00000    0.00000
3000.00000 -1000.00000    0.00000
3000.00000 -1000.00000    0.00000
3000.00000 -1000.00000    0.00000
3000.00000 -1000.00000    0.00000
3000.00000 -1000.00000    0.00000
5000.00000 -1000.00000    0.00000
5000.00000 -1000.00000    0.00000
5000.00000 -1000.00000    0.00000
5000.00000 -1000.00000    0.00000
5000.00000 -1000.00000    0.00000
5000.00000 -1000.00000    0.00000
5000.00000 -1000.00000    0.00000
5000.00000 -1000.00000    0.00000
5000.00000 -1000.00000    0.00000
5000.00000 -1000.00000    0.00000
7000.00000 -1000.00000    0.00000
7000.00000 -1000.00000    0.00000
7000.00000 -1000.00000    0.00000
7000.00000 -1000.00000    0.00000
7000.00000 -1000.00000    0.00000
7000.00000 -1000.00000    0.00000
7000.00000 -1000.00000    0.00000
7000.00000 -1000.00000    0.00000
7000.00000 -1000.00000    0.00000
7000.00000 -1000.00000    0.00000
9000.00000 -1000.00000    0.00000
9000.00000 -1000.00000    0.00000
9000.00000 -1000.00000    0.00000
9000.00000 -1000.00000    0.00000
9000.00000 -1000.00000    0.00000
9000.00000 -1000.00000    0.00000
9000.00000 -1000.00000    0.00000
9000.00000 -1000.00000    0.00000
9000.00000 -1000.00000    0.00000
9000.00000 -1000.00000    0.00000
-9000.00000 1000.00000    0.00000
-9000.00000 1000.00000    0.00000
-9000.00000 1000.00000    0.00000
-9000.00000 1000.00000    0.00000
-9000.00000 1000.00000    0.00000
-9000.00000 1000.00000    0.00000
-9000.00000 1000.00000    0.00000
-9000.00000 1000.00000    0.00000
-9000.00000 1000.00000    0.00000
-9000.00000 1000.00000    0.00000
-7000.00000 1000.00000    0.00000
-7000.00000 1000.00000    0.00000
-7000.00000 1000.00000    0.00000
-7000.00000 1000.00000    0.00000
-7000.00000 1000.00000    0.00000
-7000.00000 1000.00000    0.00000
-7000.00000 1000.00000    0.00000
-7000.00000 1000.00000    0.00000
-7000.00000 1000.00000    0.00000
-7000.00000 1000.00000    0.00000
-5000.00000 1000.00000    0.00000
-5000.00000 1000.00000    0.00000
-5000.00000 1000.00000    0.00000
-5000.00000 1000.00000    0.00000
-5000.00000 1000.00000    0.00000
-5000.00000 1000.00000    0.00000
-5000.00000 1000.00000    0.00000
-5000.00000 1000.00000    0.00000
-5000.00000 1000.00000    0.00000
-5000.00000 1000.00000    0.00000
-3000.00000 1000.00000    0.00000
-3000.00000 1000.00000    0.00000
-3000.00000 1000.00000    0.00000
-3000.00000 1000.00000    0.00000
-3000.00000 1000.00000    0.00000
-3000.00000 1000.00000    0.00000
-3000.00000 1000.00000    0.00000
-3000.00000 1000.00000    0.00000
-3000.00000 1000.00000    0.00000
-3000.00000 1000.00000    0.00000
-1000.00000 1000.00000    0.00000
-1000.00000 1000.00000    0.00000
-1000.00000 1000.00000    0.00000
-1000.00000 1000.00000    0.00000
-1000.00000 1000.00000    0.00000
-1000.00000 1000.00000    0.00000
-1000.00000 1000.00000    0.00000
-1000.00000 1000.00000    0.00000
-1000.00000 1000.00000    0.00000
-1000.00000 1000.00000    0.00000
1000.00000 1000.00000    0.00000
1000.00000 1000.00000    0.00000
1000.00000 1000.00000    0.00000
1000.00000 1000.00000    0.00000
1000.00000 1000.00000    0.00000
1000.00000 1000.00000    0.00000
1000.00000 1000.00000    0.00000
1000.00000 1000.00000    0.00000
1000.00000 1000.00000    0.00000
1000.00000 1000.00000    0.00000
3000.00000 1000.00000    0.00000
3000.00000 1000.00000    0.00000
3000.00000 1000.00000    0.00000
3000.00000 1000.00000    0.00000
3000.00000 1000.00000    0.00000
3000.00000 1000.00000    0.00000
3000.00000 1000.00000    0.00000
3000.00000 1000.00000    0.00000
3000.00000 1000.00000    0.00000
3000.00000 1000.00000    0.00000
5000.00000 1000.00000    0.00000
5000.00000 1000.00000    0.00000
5000.00000 1000.00000    0.00000
5000.00000 1000.00000    0.00000
5000.00000 1000.00000    0.00000
5000.00000 1000.00000    0.00000
5000.00000 1000.00000    0.00000
5000.00000 1000.00000    0.00000
5000.00000 1000.00000    0.00000
5000.00000 1000.00000    0.00000
7000.00000 1000.00000    0.00000
7000.00000 1000.00000    0.00000
7000.00000 1000.00000    0.00000
7000.00000 1000.00000    0.00000
7000.00000 1000.00000    0.00000
7000.00000 1000.00000    0.00000
7000.00000 1000.00000    0.00000
7000.00000 1000.00000    0.00000
7000.00000 1000.00000    0.00000
7000.00000 1000.00000    0.00000
9000.00000 1000.00000    0.00000
9000.00000 1000.00000    0.00000
9000.00000 1000.00000    0.00000
9000.00000 1000.00000    0.00000
9000.00000 1000.00000    0.00000
9000.00000 1000.00000    0.00000
9000.00000 1000.00000    0.00000
9000.00000 1000.00000    0.00000
9000.00000 1000.00000    0.00000
9000.00000 1000.00000    0.00000
-9000.00000 3000.00000    0.00000
-9000.00000 3000.00000    0.00000
-9000.00000 3000.00000    0.00000
-9000.00000 3000.00000    0.00000
-9000.00000 3000.00000    0.00000
-9000.00000 3000.00000    0.00000
-9000.00000 3000.00000    0.00000
-9000.00000 3000.00000    0.00000
-9000.00000 3000.00000    0.00000
-9000.00000 3000.00000    0.00000
-7000.00000 3000.00000    0.00000
-7000.00000 3000.00000    0.00000
-7000.00000 3000.00000    0.00000
-7000.00000 3000.00000    0.00000
-7000.00000 3000.00000    0.00000
-7000.00000 3000.00000    0.00000
-7000.00000 3000.00000    0.00000
-7000.00000 3000.00000    0.00000
-7000.00000 3000.00000    0.00000
-7000.00000 3000.00000    0.00000
-5000.00000 3000.00000    0.00000
-5000.00000 3000.00000    0.00000
-5000.00000 3000.00000    0.00000
-5000.00000 3000.00000    0.00000
-5000.00000 3000.00000    0.00000
-5000.00000 3000.00000    0.00000
-5000.00000 3000.00000    0.00000
-5000.00000 3000.00000    0.00000
-5000.00000 3000.00000    0.00000
-5000.00000 3000.00000    0.00000
-3000.00000 3000.00000    0.00000
-3000.00000 3000.00000    0.00000
-3000.00000 3000.00000    0.00000
-3000.00000 3000.00000    0.00000
-3000.00000 3000.00000    0.00000
-3000.00000 3000.00000    0.00000
-3000.00000 3000.00000    0.00000
-3000.00000 3000.00000    0.00000
-3000.00000 3000.00000    0.00000
-3000.00000 3000.00000    0.00000
-1000.00000 3000.00000    0.00000
-1000.00000 3000.00000    0.00000
-1000.00000 3000.00000    0.00000
-1000.00000 3000.00000    0.00000
-1000.00000 3000.00000    0.00000
-1000.00000 3000.00000    0.00000
-1000.00000 3000.00000    0.00000
-1000.00000 3000.00000    0.00000
-1000.00000 3000.00000    0.00000
-1000.00000 3000.00000    0.00000
1000.00000 3000.00000    0.00000
1000.00000 3000.00000    0.00000
1000.00000 3000.00000    0.00000
1000.00000 3000.00000    0.00000
1000.00000 3000.00000    0.00000
1000.00000 3000.00000    0.00000
1000.00000 3000.00000    0.00000
1000.00000 3000.00000    0.00000
1000.00000 3000.00000    0.00000
1000.00000 3000.00000    0.00000
3000.00000 3000.00000    0.00000
3000.00000 3000.00000    0.00000
3000.00000 3000.00000    0.00000
3000.00000 3000.00000    0.00000
3000.00000 3000.00000    0.00000
3000.00000 3000.00000    0.00000
3000.00000 3000.00000    0.00000
3000.00000 3000.00000    0.00000
3000.00000 3000.00000    0.00000
3000.00000 3000.00000    0.00000
5000.00000 3000.00000    0.00000
5000.00000 3000.00000    0.00000
5000.00000 3000.00000    0.00000
5000.00000 3000.00000    0.00000
5000.00000 3000.00000    0.00000
5000.00000 3000.00000    0.00000
5000.00000 3000.00000    0.00000
5000.00000 3000.00000    0.00000
5000.00000 3000.00000    0.00000
5000.00000 3000.00000    0.00000
7000.00000 3000.00000    0.00000
7000.00000 3000.00000    0.00000
7000.00000 3000.00000    0.00000
7000.00000 3000.00000    0.00000
7000.00000 3000.00000    0.00000
7000.00000 3000.00000    0.00000
7000.00000 3000.00000    0.00000
7000.00000 3000.00000    0.00000
7000.00000 3000.00000    0.00000
7000.00000 3000.00000    0.00000
9000.00000 3000.00000    0.00000
9000.00000 3000.00000    0.00000
9000.00000 3000.00000    0.00000
9000.00000 3000.00000    0.00000
9000.00000 3000.00000    0.00000
9000.00000 3000.00000    0.00000
9000.00000 3000.00000    0.00000
9000.00000 3000.00000    0.00000
9000.00000 3000.00000    0.00000
9000.00000 3000.00000    0.00000
-9000.00000 5000.00000    0.00000
-9000.00000 5000.00000    0.00000
-9000.00000 5000.00000    0.00000
-9000.00000 5000.00000    0.00000
-9000.00000 5000.00000    0.00000
-9000.00000 5000.00000    0.00000
-9000.00000 5000.00000    0.00000
-9000.00000 5000.00000    0.00000
-9000.00000 5000.00000    0.00000
-9000.00000 5000.00000    0.00000
-7000.00000 5000.00000    0.00000
-7000.00000 5000.00000    0.00000
-7000.00000 5000.00000    0.00000
-7000.00000 5000.00000    0.00000
-7000.00000 5000.00000    0.00000
-7000.00000 5000.00000    0.00000
-7000.00000 5000.00000    0.00000
-7000.00000 5000.00000    0.00000
-7000.00000 5000.00000    0.00000
-7000.00000 5000.00000    0.00000
-5000.00000 5000.00000    0.00000
-5000.00000 5000.00000    0.00000
-5000.00000 5000.00000    0.00000
-5000.00000 5000.00000    0.00000
-5000.00000 5000.00000    0.00000
-5000.00000 5000.00000    0.00000
-5000.00000 5000.00000    0.00000
-5000.00000 5000.00000    0.00000
-5000.00000 5000.00000    0.00000
-5000.00000 5000.00000    0.00000
-3000.00000 5000.00000    0.00000
-3000.00000 5000.00000    0.00000
-3000.00000 5000.00000    0.00000
-3000.00000 5000.00000    0.00000
-3000.00000 5000.00000    0.00000
-3000.00000 5000.00000    0.00000
-3000.00000 5000.00000    0.00000
-3000.00000 5000.00000    0.00000
-3000.00000 5000.00000    0.00000
-3000.00000 5000.00000    0.00000
-1000.00000 5000.00000    0.00000
-1000.00000 5000.00000    0.00000
-1000.00000 5000.00000    0.00000
-1000.00000 5000.00000    0.00000
-1000.00000 5000.00000    0.00000
-1000.00000 5000.00000    0.00000
-1000.00000 5000.00000    0.00000
-1000.00000 5000.00000    0.00000
-1000.00000 5000.00000    0.00000
-1000.00000 5000.00000    0.00000
1000.00000 5000.00000    0.00000
1000.00000 5000.00000    0.00000
1000.00000 5000.00000    0.00000
1000.00000 5000.00000    0.00000
1000.00000 5000.00000    0.00000
1000.00000 5000.00000    0.00000
1000.00000 5000.00000    0.00000
1000.00000 5000.00000    0.00000
1000.00000 5000.00000    0.00000
1000.00000 5000.00000    0.00000
3000.00000 5000.00000    0.00000
3000.00000 5000.00000    0.00000
3000.00000 5000.00000    0.00000
3000.00000 5000.00000    0.00000
3000.00000 5000.00000    0.00000
3000.00000 5000.00000    0.00000
3000.00000 5000.00000    0.00000
3000.00000 5000.00000    0.00000
3000.00000 5000.00000    0.00000
3000.00000 5000.00000    0.00000
5000.00000 5000.00000    0.00000
5000.00000 5000.00000    0.00000
5000.00000 5000.00000    0.00000
5000.00000 5000.00000    0.00000
5000.00000 5000.00000    0.00000
5000.00000 5000.00000    0.00000
5000.00000 5000.00000    0.00000
5000.00000 5000.00000    0.00000
5000.00000 5000.00000    0.00000
5000.00000 5000.00000    0.00000
7000.00000 5000.00000    0.00000
7000.00000 5000.00000    0.00000
7000.00000 5000.00000    0.00000
7000.00000 5000.00000    0.00000
7000.00000 5000.00000    0.00000
7000.00000 5000.00000    0.00000
7000.00000 5000.00000    0.00000
7000.00000 5000.00000    0.00000
7000.00000 5000.00000    0.00000
7000.00000 5000.00000    0.00000
9000.00000 5000.00000    0.00000
9000.00000 5000.00000    0.00000
9000.00000 5000.00000    0.00000
9000.00000 5000.00000    0.00000
9000.00000 5000.00000    0.00000
9000.00000 5000.00000    0.00000
9000.00000 5000.00000    0.00000
9000.00000 5000.00000    0.00000
9000.00000 5000.00000    0.00000
9000.00000 5000.00000    0.00000
-9000.00000 7000.00000    0.00000
-9000.00000 7000.00000    0.00000
-9000.00000 7000.00000    0.00000
-9000.00000 7000.00000    0.00000
-9000.00000 7000.00000    0.00000
-9000.00000 7000.00000    0.00000
-9000.00000 7000.00000    0.00000
-9000.00000 7000.00000    0.00000
-9000.00000 7000.00000    0.00000
-9000.00000 7000.00000    0.00000
-7000.00000 7000.00000    0.00000
-7000.00000 7000.00000    0.00000
-7000.00000 7000.00000    0.00000
-7000.00000 7000.00000    0.00000
-7000.00000 7000.00000    0.00000
-7000.00000 7000.00000    0.00000
-7000.00000 7000.00000    0.00000
-7000.00000 7000.00000    0.00000
-7000.00000 7000.00000    0.00000
-7000.00000 7000.00000    0.00000
-5000.00000 7000.00000    0.00000
-5000.00000 7000.00000    0.00000
-5000.00000 7000.00000    0.00000
-5000.00000 7000.00000    0.00000
-5000.00000 7000.00000    0.00000
-5000.00000 7000.00000    0.00000
-5000.00000 7000.00000    0.00000
-5000.00000 7000.00000    0.00000
-5000.00000 7000.00000    0.00000
-5000.00000 7000.00000    0.00000
-3000.00000 7000.00000    0.00000
-3000.00000 7000.00000    0.00000
-3000.00000 7000.00000    0.00000
-3000.00000 7000.00000    0.00000
-3000.00000 7000.00000    0.00000
-3000.00000 7000.00000    0.00000
-3000.00000 7000.00000    0.00000
-3000.00000 7000.00000    0.00000
-3000.00000 7000.00000    0.00000
-3000.00000 7000.00000    0.00000
-1000.00000 7000.00000    0.00000
-1000.00000 7000.00000    0.00000
-1000.00000 7000.00000    0.00000
-1000.00000 7000.00000    0.00000
-1000.00000 7000.00000    0.00000
-1000.00000 7000.00000    0.00000
-1000.00000 7000.00000    0.00000
-1000.00000 7000.00000    0.00000
-1000.00000 7000.00000    0.00000
-1000.00000 7000.00000    0.00000
1000.00000 7000.00000    0.00000
1000.00000 7000.00000    0.00000
1000.00000 7000.00000    0.00000
1000.00000 7000.00000    0.00000
1000.00000 7000.00000    0.00000
1000.00000 7000.00000    0.00000
1000.00000 7000.00000    0.00000
1000.00000 7000.00000    0.00000
1000.00000 7000.00000    0.00000
1000.00000 7000.00000    0.00000
3000.00000 7000.00000    0.00000
3000.00000 7000.00000    0.00000
3000.00000 7000.00000    0.00000
3000.00000 7000.00000    0.00000
3000.00000 7000.00000    0.00000
3000.00000 7000.00000    0.00000
3000.00000 7000.00000    0.00000
3000.00000 7000.00000    0.00000
3000.00000 7000.00000    0.00000
3000.00000 7000.00000    0.00000
5000.00000 7000.00000    0.00000
5000.00000 7000.00000    0.00000
5000.00000 7000.00000    0.00000
5000.00000 7000.00000    0.00000
5000.00000 7000.00000    0.00000
5000.00000 7000.00000    0.00000
5000.00000 7000.00000    0.00000
5000.00000 7000.00000    0.00000
5000.00000 7000.00000    0.00000
5000.00000 7000.00000    0.00000
7000.00000 7000.00000    0.00000
7000.00000 7000.00000    0.00000
7000.00000 7000.00000    0.00000
7000.00000 7000.00000    0.00000
7000.00000 7000.00000    0.00000
7000.00000 7000.00000    0.00000
7000.00000 7000.00000    0.00000
7000.00000 7000.00000    0.00000
7000.00000 7000.00000    0.00000
7000.00000 7000.00000    0.00000
9000.00000 7000.00000    0.00000
9000.00000 7000.00000    0.00000
9000.00000 7000.00000    0.00000
9000.00000 7000.00000    0.00000
9000.00000 7000.00000    0.00000
9000.00000 7000.00000    0.00000
9000.00000 7000.00000    0.00000
9000.00000 7000.00000    0.00000
9000.00000 7000.00000    0.00000
9000.00000 7000.00000    0.00000
-9000.00000 9000.00000    0.00000
-9000.00000 9000.00000    0.00000
-9000.00000 9000.00000    0.00000
-9000.00000 9000.00000    0.00000
-9000.00000 9000.00000    0.00000
-9000.00000 9000.00000    0.00000
-9000.00000 9000.00000    0.00000
-9000.00000 9000.00000    0.00000
-9000.00000 9000.00000    0.00000
-9000.00000 9000.00000    0.00000
-7000.00000 9000.00000    0.00000
-7000.00000 9000.00000    0.00000
-7000.00000 9000.00000    0.00000
-7000.00000 9000.00000    0.00000
-7000.00000 9000.00000    0.00000
-7000.00000 9000.00000    0.00000
-7000.00000 9000.00000    0.00000
-7000.00000 9000.00000    0.00000
-7000.00000 9000.00000    0.00000
-7000.00000 9000.00000    0.00000
-5000.00000 9000.00000    0.00000
-5000.00000 9000.00000    0.00000
-5000.00000 9000.00000    0.00000
-5000.00000 9000.00000    0.00000
-5000.00000 9000.00000    0.00000
-5000.00000 9000.00000    0.00000
-5000.00000 9000.00000    0.00000
-5000.00000 9000.00000    0.00000
-5000.00000 9000.00000    0.00000
-5000.00000 9000.00000    0.00000
-3000.00000 9000.00000    0.00000
-3000.00000 9000.00000    0.00000
-3000.00000 9000.00000    0.00000
-3000.00000 9000.00000    0.00000
-3000.00000 9000.00000    0.00000
-3000.00000 9000.00000    0.00000
-3000.00000 9000.00000    0.00000
-3000.00000 9000.00000    0.00000
-3000.00000 9000.00000    0.00000
-3000.00000 9000.00000    0.00000
-1000.00000 9000.00000    0.00000
-1000.00000 9000.00000    0.00000
-1000.00000 9000.00000    0.00000
-1000.00000 9000.00000    0.00000
-1000.00000 9000.00000    0.00000
-1000.00000 9000.00000    0.00000
-1000.00000 9000.00000    0.00000
-1000.00000 9000.00000    0.00000
-1000.00000 9000.00000    0.00000
-1000.00000 9000.00000    0.00000
1000.00000 9000.00000    0.00000
1000.00000 9000.00000    0.00000
1000.00000 9000.00000    0.00000
1000.00000 9000.00000    0.00000
1000.00000 9000.00000    0.00000
1000.00000 9000.00000    0.00000
1000.00000 9000.00000    0.00000
1000.00000 9000.00000    0.00000
1000.00000 9000.00000    0.00000
1000.00000 9000.00000    0.00000
3000.00000 9000.00000    0.00000
3000.00000 9000.00000    0.00000
3000.00000 9000.00000    0.00000
3000.00000 9000.00000    0.00000
3000.00000 9000.00000    0.00000
3000.00000 9000.00000    0.00000
3000.00000 9000.00000    0.00000
3000.00000 9000.00000    0.00000
3000.00000 9000.00000    0.00000
3000.00000 9000.00000    0.00000
5000.00000 9000.00000    0.00000
5000.00000 9000.00000    0.00000
5000.00000 9000.00000    0.00000
5000.00000 9000.00000    0.00000
5000.00000 9000.00000    0.00000
5000.00000 9000.00000    0.00000
5000.00000 9000.00000    0.00000
5000.00000 9000.00000    0.00000
5000.00000 9000.00000    0.00000
5000.00000 9000.00000    0.00000
7000.00000 9000.00000    0.00000
7000.00000 9000.00000    0.00000
7000.00000 9000.00000    0.00000
7000.00000 9000.00000    0.00000
7000.00000 9000.00000    0.00000
7000.00000 9000.00000    0.00000
7000.00000 9000.00000    0.00000
7000.00000 9000.00000    0.00000
7000.00000 9000.00000    0.00000
7000.00000 9000.00000    0.00000
9000.00000 9000.00000    0.00000
9000.00000 9000.00000    0.00000
9000.00000 9000.00000    0.00000
9000.00000 9000.00000    0.00000
9000.00000 9000.00000    0.00000
9000.00000 9000.00000    0.00000
9000.00000 9000.00000    0.00000
9000.00000 9000.00000    0.00000
9000.00000 9000.00000    0.00000
9000.00000 9000.00000    0.00000
