     0    -1020.000000    -1020.000000    -1020.000000     1020.000000     1020.000000     1020.000000      0
     1    -1202.000000    -1202.000000      998.000000     -998.000000     -998.000000     1202.000000      1
     2    -1020.000000    -1202.000000      998.000000     1020.000000     -998.000000     1202.000000      2
     3      998.000000    -1202.000000      998.000000     1202.000000     -998.000000     1202.000000      3
     4    -1202.000000    -1020.000000      998.000000     -998.000000     1020.000000     1202.000000      4
     5    -1020.000000    -1020.000000      998.000000     1020.000000     1020.000000     1202.000000      5
     6      998.000000    -1020.000000      998.000000     1202.000000     1020.000000     1202.000000      6
     7    -1202.000000      998.000000      998.000000     -998.000000     1202.000000     1202.000000      7
     8    -1020.000000      998.000000      998.000000     1020.000000     1202.000000     1202.000000      8
     9      998.000000      998.000000      998.000000     1202.000000     1202.000000     1202.000000      9
    10    -1202.000000    -1202.000000    -1020.000000     -998.000000     -998.000000     1020.000000     10
    11    -1020.000000    -1202.000000    -1020.000000     1020.000000     -998.000000     1020.000000     11
    12      998.000000    -1202.000000    -1020.000000     1202.000000     -998.000000     1020.000000     12
    13    -1202.000000    -1020.000000    -1020.000000     -998.000000     1020.000000     1020.000000     13
    14      998.000000    -1020.000000    -1020.000000     1202.000000     1020.000000     1020.000000     14
    15    -1202.000000      998.000000    -1020.000000     -998.000000     1202.000000     1020.000000     15
    16    -1020.000000      998.000000    -1020.000000     1020.000000     1202.000000     1020.000000     16
    17      998.000000      998.000000    -1020.000000     1202.000000     1202.000000     1020.000000     17
    18    -1202.000000    -1202.000000    -1202.000000     -998.000000     -998.000000     -998.000000     18
    19    -1020.000000    -1202.000000    -1202.000000     1020.000000     -998.000000     -998.000000     19
    20      998.000000    -1202.000000    -1202.000000     1202.000000     -998.000000     -998.000000     20
    21    -1202.000000    -1020.000000    -1202.000000     -998.000000     1020.000000     -998.000000     21
    22    -1020.000000    -1020.000000    -1202.000000     1020.000000     1020.000000     -998.000000     22
    23      998.000000    -1020.000000    -1202.000000     1202.000000     1020.000000     -998.000000     23
    24    -1202.000000      998.000000    -1202.000000     -998.000000     1202.000000     -998.000000     24
    25    -1020.000000      998.000000    -1202.000000     1020.000000     1202.000000     -998.000000     25
    26      998.000000      998.000000    -1202.000000     1202.000000     1202.000000     -998.000000     26
