-900.00000 -900.00000 -900.00000
-900.00000 -900.00000 -700.00000
-900.00000 -900.00000 -500.00000
-900.00000 -900.00000 -300.00000
-900.00000 -900.00000 -100.00000
-900.00000 -900.00000  100.00000
-900.00000 -900.00000  300.00000
-900.00000 -900.00000  500.00000
-900.00000 -900.00000  700.00000
-900.00000 -900.00000  900.00000
-700.00000 -900.00000 -900.00000
-700.00000 -900.00000 -700.00000
-700.00000 -900.00000 -500.00000
-700.00000 -900.00000 -300.00000
-700.00000 -900.00000 -100.00000
-700.00000 -900.00000  100.00000
-700.00000 -900.00000  300.00000
-700.00000 -900.00000  500.00000
-700.00000 -900.00000  700.00000
-700.00000 -900.00000  900.00000
-500.00000 -900.00000 -900.00000
-500.00000 -900.00000 -700.00000
-500.00000 -900.00000 -500.00000
-500.00000 -900.00000 -300.00000
-500.00000 -900.00000 -100.00000
-500.00000 -900.00000  100.00000
-500.00000 -900.00000  300.00000
-500.00000 -900.00000  500.00000
-500.00000 -900.00000  700.00000
-500.00000 -900.00000  900.00000
-300.00000 -900.00000 -900.00000
-300.00000 -900.00000 -700.00000
-300.00000 -900.00000 -500.00000
-300.00000 -900.00000 -300.00000
-300.00000 -900.00000 -100.00000
-300.00000 -900.00000  100.00000
-300.00000 -900.00000  300.00000
-300.00000 -900.00000  500.00000
-300.00000 -900.00000  700.00000
-300.00000 -900.00000  900.00000
-100.00000 -900.00000 -900.00000
-100.00000 -900.00000 -700.00000
-100.00000 -900.00000 -500.00000
-100.00000 -900.00000 -300.00000
-100.00000 -900.00000 -100.00000
-100.00000 -900.00000  100.00000
-100.00000 -900.00000  300.00000
-100.00000 -900.00000  500.00000
-100.00000 -900.00000  700.00000
-100.00000 -900.00000  900.00000
 100.00000 -900.00000 -900.00000
 100.00000 -900.00000 -700.00000
 100.00000 -900.00000 -500.00000
 100.00000 -900.00000 -300.00000
 100.00000 -900.00000 -100.00000
 100.00000 -900.00000  100.00000
 100.00000 -900.00000  300.00000
 100.00000 -900.00000  500.00000
 100.00000 -900.00000  700.00000
 100.00000 -900.00000  900.00000
 300.00000 -900.00000 -900.00000
 300.00000 -900.00000 -700.00000
 300.00000 -900.00000 -500.00000
 300.00000 -900.00000 -300.00000
 300.00000 -900.00000 -100.00000
 300.00000 -900.00000  100.00000
 300.00000 -900.00000  300.00000
 300.00000 -900.00000  500.00000
 300.00000 -900.00000  700.00000
 300.00000 -900.00000  900.00000
 500.00000 -900.00000 -900.00000
 500.00000 -900.00000 -700.00000
 500.00000 -900.00000 -500.00000
 500.00000 -900.00000 -300.00000
 500.00000 -900.00000 -100.00000
 500.00000 -900.00000  100.00000
 500.00000 -900.00000  300.00000
 500.00000 -900.00000  500.00000
 500.00000 -900.00000  700.00000
 500.00000 -900.00000  900.00000
 700.00000 -900.00000 -900.00000
 700.00000 -900.00000 -700.00000
 700.00000 -900.00000 -500.00000
 700.00000 -900.00000 -300.00000
 700.00000 -900.00000 -100.00000
 700.00000 -900.00000  100.00000
 700.00000 -900.00000  300.00000
 700.00000 -900.00000  500.00000
 700.00000 -900.00000  700.00000
 700.00000 -900.00000  900.00000
 900.00000 -900.00000 -900.00000
 900.00000 -900.00000 -700.00000
 900.00000 -900.00000 -500.00000
 900.00000 -900.00000 -300.00000
 900.00000 -900.00000 -100.00000
 900.00000 -900.00000  100.00000
 900.00000 -900.00000  300.00000
 900.00000 -900.00000  500.00000
 900.00000 -900.00000  700.00000
 900.00000 -900.00000  900.00000
-900.00000 -700.00000 -900.00000
-900.00000 -700.00000 -700.00000
-900.00000 -700.00000 -500.00000
-900.00000 -700.00000 -300.00000
-900.00000 -700.00000 -100.00000
-900.00000 -700.00000  100.00000
-900.00000 -700.00000  300.00000
-900.00000 -700.00000  500.00000
-900.00000 -700.00000  700.00000
-900.00000 -700.00000  900.00000
-700.00000 -700.00000 -900.00000
-700.00000 -700.00000 -700.00000
-700.00000 -700.00000 -500.00000
-700.00000 -700.00000 -300.00000
-700.00000 -700.00000 -100.00000
-700.00000 -700.00000  100.00000
-700.00000 -700.00000  300.00000
-700.00000 -700.00000  500.00000
-700.00000 -700.00000  700.00000
-700.00000 -700.00000  900.00000
-500.00000 -700.00000 -900.00000
-500.00000 -700.00000 -700.00000
-500.00000 -700.00000 -500.00000
-500.00000 -700.00000 -300.00000
-500.00000 -700.00000 -100.00000
-500.00000 -700.00000  100.00000
-500.00000 -700.00000  300.00000
-500.00000 -700.00000  500.00000
-500.00000 -700.00000  700.00000
-500.00000 -700.00000  900.00000
-300.00000 -700.00000 -900.00000
-300.00000 -700.00000 -700.00000
-300.00000 -700.00000 -500.00000
-300.00000 -700.00000 -300.00000
-300.00000 -700.00000 -100.00000
-300.00000 -700.00000  100.00000
-300.00000 -700.00000  300.00000
-300.00000 -700.00000  500.00000
-300.00000 -700.00000  700.00000
-300.00000 -700.00000  900.00000
-100.00000 -700.00000 -900.00000
-100.00000 -700.00000 -700.00000
-100.00000 -700.00000 -500.00000
-100.00000 -700.00000 -300.00000
-100.00000 -700.00000 -100.00000
-100.00000 -700.00000  100.00000
-100.00000 -700.00000  300.00000
-100.00000 -700.00000  500.00000
-100.00000 -700.00000  700.00000
-100.00000 -700.00000  900.00000
 100.00000 -700.00000 -900.00000
 100.00000 -700.00000 -700.00000
 100.00000 -700.00000 -500.00000
 100.00000 -700.00000 -300.00000
 100.00000 -700.00000 -100.00000
 100.00000 -700.00000  100.00000
 100.00000 -700.00000  300.00000
 100.00000 -700.00000  500.00000
 100.00000 -700.00000  700.00000
 100.00000 -700.00000  900.00000
 300.00000 -700.00000 -900.00000
 300.00000 -700.00000 -700.00000
 300.00000 -700.00000 -500.00000
 300.00000 -700.00000 -300.00000
 300.00000 -700.00000 -100.00000
 300.00000 -700.00000  100.00000
 300.00000 -700.00000  300.00000
 300.00000 -700.00000  500.00000
 300.00000 -700.00000  700.00000
 300.00000 -700.00000  900.00000
 500.00000 -700.00000 -900.00000
 500.00000 -700.00000 -700.00000
 500.00000 -700.00000 -500.00000
 500.00000 -700.00000 -300.00000
 500.00000 -700.00000 -100.00000
 500.00000 -700.00000  100.00000
 500.00000 -700.00000  300.00000
 500.00000 -700.00000  500.00000
 500.00000 -700.00000  700.00000
 500.00000 -700.00000  900.00000
 700.00000 -700.00000 -900.00000
 700.00000 -700.00000 -700.00000
 700.00000 -700.00000 -500.00000
 700.00000 -700.00000 -300.00000
 700.00000 -700.00000 -100.00000
 700.00000 -700.00000  100.00000
 700.00000 -700.00000  300.00000
 700.00000 -700.00000  500.00000
 700.00000 -700.00000  700.00000
 700.00000 -700.00000  900.00000
 900.00000 -700.00000 -900.00000
 900.00000 -700.00000 -700.00000
 900.00000 -700.00000 -500.00000
 900.00000 -700.00000 -300.00000
 900.00000 -700.00000 -100.00000
 900.00000 -700.00000  100.00000
 900.00000 -700.00000  300.00000
 900.00000 -700.00000  500.00000
 900.00000 -700.00000  700.00000
 900.00000 -700.00000  900.00000
-900.00000 -500.00000 -900.00000
-900.00000 -500.00000 -700.00000
-900.00000 -500.00000 -500.00000
-900.00000 -500.00000 -300.00000
-900.00000 -500.00000 -100.00000
-900.00000 -500.00000  100.00000
-900.00000 -500.00000  300.00000
-900.00000 -500.00000  500.00000
-900.00000 -500.00000  700.00000
-900.00000 -500.00000  900.00000
-700.00000 -500.00000 -900.00000
-700.00000 -500.00000 -700.00000
-700.00000 -500.00000 -500.00000
-700.00000 -500.00000 -300.00000
-700.00000 -500.00000 -100.00000
-700.00000 -500.00000  100.00000
-700.00000 -500.00000  300.00000
-700.00000 -500.00000  500.00000
-700.00000 -500.00000  700.00000
-700.00000 -500.00000  900.00000
-500.00000 -500.00000 -900.00000
-500.00000 -500.00000 -700.00000
-500.00000 -500.00000 -500.00000
-500.00000 -500.00000 -300.00000
-500.00000 -500.00000 -100.00000
-500.00000 -500.00000  100.00000
-500.00000 -500.00000  300.00000
-500.00000 -500.00000  500.00000
-500.00000 -500.00000  700.00000
-500.00000 -500.00000  900.00000
-300.00000 -500.00000 -900.00000
-300.00000 -500.00000 -700.00000
-300.00000 -500.00000 -500.00000
-300.00000 -500.00000 -300.00000
-300.00000 -500.00000 -100.00000
-300.00000 -500.00000  100.00000
-300.00000 -500.00000  300.00000
-300.00000 -500.00000  500.00000
-300.00000 -500.00000  700.00000
-300.00000 -500.00000  900.00000
-100.00000 -500.00000 -900.00000
-100.00000 -500.00000 -700.00000
-100.00000 -500.00000 -500.00000
-100.00000 -500.00000 -300.00000
-100.00000 -500.00000 -100.00000
-100.00000 -500.00000  100.00000
-100.00000 -500.00000  300.00000
-100.00000 -500.00000  500.00000
-100.00000 -500.00000  700.00000
-100.00000 -500.00000  900.00000
 100.00000 -500.00000 -900.00000
 100.00000 -500.00000 -700.00000
 100.00000 -500.00000 -500.00000
 100.00000 -500.00000 -300.00000
 100.00000 -500.00000 -100.00000
 100.00000 -500.00000  100.00000
 100.00000 -500.00000  300.00000
 100.00000 -500.00000  500.00000
 100.00000 -500.00000  700.00000
 100.00000 -500.00000  900.00000
 300.00000 -500.00000 -900.00000
 300.00000 -500.00000 -700.00000
 300.00000 -500.00000 -500.00000
 300.00000 -500.00000 -300.00000
 300.00000 -500.00000 -100.00000
 300.00000 -500.00000  100.00000
 300.00000 -500.00000  300.00000
 300.00000 -500.00000  500.00000
 300.00000 -500.00000  700.00000
 300.00000 -500.00000  900.00000
 500.00000 -500.00000 -900.00000
 500.00000 -500.00000 -700.00000
 500.00000 -500.00000 -500.00000
 500.00000 -500.00000 -300.00000
 500.00000 -500.00000 -100.00000
 500.00000 -500.00000  100.00000
 500.00000 -500.00000  300.00000
 500.00000 -500.00000  500.00000
 500.00000 -500.00000  700.00000
 500.00000 -500.00000  900.00000
 700.00000 -500.00000 -900.00000
 700.00000 -500.00000 -700.00000
 700.00000 -500.00000 -500.00000
 700.00000 -500.00000 -300.00000
 700.00000 -500.00000 -100.00000
 700.00000 -500.00000  100.00000
 700.00000 -500.00000  300.00000
 700.00000 -500.00000  500.00000
 700.00000 -500.00000  700.00000
 700.00000 -500.00000  900.00000
 900.00000 -500.00000 -900.00000
 900.00000 -500.00000 -700.00000
 900.00000 -500.00000 -500.00000
 900.00000 -500.00000 -300.00000
 900.00000 -500.00000 -100.00000
 900.00000 -500.00000  100.00000
 900.00000 -500.00000  300.00000
 900.00000 -500.00000  500.00000
 900.00000 -500.00000  700.00000
 900.00000 -500.00000  900.00000
-900.00000 -300.00000 -900.00000
-900.00000 -300.00000 -700.00000
-900.00000 -300.00000 -500.00000
-900.00000 -300.00000 -300.00000
-900.00000 -300.00000 -100.00000
-900.00000 -300.00000  100.00000
-900.00000 -300.00000  300.00000
-900.00000 -300.00000  500.00000
-900.00000 -300.00000  700.00000
-900.00000 -300.00000  900.00000
-700.00000 -300.00000 -900.00000
-700.00000 -300.00000 -700.00000
-700.00000 -300.00000 -500.00000
-700.00000 -300.00000 -300.00000
-700.00000 -300.00000 -100.00000
-700.00000 -300.00000  100.00000
-700.00000 -300.00000  300.00000
-700.00000 -300.00000  500.00000
-700.00000 -300.00000  700.00000
-700.00000 -300.00000  900.00000
-500.00000 -300.00000 -900.00000
-500.00000 -300.00000 -700.00000
-500.00000 -300.00000 -500.00000
-500.00000 -300.00000 -300.00000
-500.00000 -300.00000 -100.00000
-500.00000 -300.00000  100.00000
-500.00000 -300.00000  300.00000
-500.00000 -300.00000  500.00000
-500.00000 -300.00000  700.00000
-500.00000 -300.00000  900.00000
-300.00000 -300.00000 -900.00000
-300.00000 -300.00000 -700.00000
-300.00000 -300.00000 -500.00000
-300.00000 -300.00000 -300.00000
-300.00000 -300.00000 -100.00000
-300.00000 -300.00000  100.00000
-300.00000 -300.00000  300.00000
-300.00000 -300.00000  500.00000
-300.00000 -300.00000  700.00000
-300.00000 -300.00000  900.00000
-100.00000 -300.00000 -900.00000
-100.00000 -300.00000 -700.00000
-100.00000 -300.00000 -500.00000
-100.00000 -300.00000 -300.00000
-100.00000 -300.00000 -100.00000
-100.00000 -300.00000  100.00000
-100.00000 -300.00000  300.00000
-100.00000 -300.00000  500.00000
-100.00000 -300.00000  700.00000
-100.00000 -300.00000  900.00000
 100.00000 -300.00000 -900.00000
 100.00000 -300.00000 -700.00000
 100.00000 -300.00000 -500.00000
 100.00000 -300.00000 -300.00000
 100.00000 -300.00000 -100.00000
 100.00000 -300.00000  100.00000
 100.00000 -300.00000  300.00000
 100.00000 -300.00000  500.00000
 100.00000 -300.00000  700.00000
 100.00000 -300.00000  900.00000
 300.00000 -300.00000 -900.00000
 300.00000 -300.00000 -700.00000
 300.00000 -300.00000 -500.00000
 300.00000 -300.00000 -300.00000
 300.00000 -300.00000 -100.00000
 300.00000 -300.00000  100.00000
 300.00000 -300.00000  300.00000
 300.00000 -300.00000  500.00000
 300.00000 -300.00000  700.00000
 300.00000 -300.00000  900.00000
 500.00000 -300.00000 -900.00000
 500.00000 -300.00000 -700.00000
 500.00000 -300.00000 -500.00000
 500.00000 -300.00000 -300.00000
 500.00000 -300.00000 -100.00000
 500.00000 -300.00000  100.00000
 500.00000 -300.00000  300.00000
 500.00000 -300.00000  500.00000
 500.00000 -300.00000  700.00000
 500.00000 -300.00000  900.00000
 700.00000 -300.00000 -900.00000
 700.00000 -300.00000 -700.00000
 700.00000 -300.00000 -500.00000
 700.00000 -300.00000 -300.00000
 700.00000 -300.00000 -100.00000
 700.00000 -300.00000  100.00000
 700.00000 -300.00000  300.00000
 700.00000 -300.00000  500.00000
 700.00000 -300.00000  700.00000
 700.00000 -300.00000  900.00000
 900.00000 -300.00000 -900.00000
 900.00000 -300.00000 -700.00000
 900.00000 -300.00000 -500.00000
 900.00000 -300.00000 -300.00000
 900.00000 -300.00000 -100.00000
 900.00000 -300.00000  100.00000
 900.00000 -300.00000  300.00000
 900.00000 -300.00000  500.00000
 900.00000 -300.00000  700.00000
 900.00000 -300.00000  900.00000
-900.00000 -100.00000 -900.00000
-900.00000 -100.00000 -700.00000
-900.00000 -100.00000 -500.00000
-900.00000 -100.00000 -300.00000
-900.00000 -100.00000 -100.00000
-900.00000 -100.00000  100.00000
-900.00000 -100.00000  300.00000
-900.00000 -100.00000  500.00000
-900.00000 -100.00000  700.00000
-900.00000 -100.00000  900.00000
-700.00000 -100.00000 -900.00000
-700.00000 -100.00000 -700.00000
-700.00000 -100.00000 -500.00000
-700.00000 -100.00000 -300.00000
-700.00000 -100.00000 -100.00000
-700.00000 -100.00000  100.00000
-700.00000 -100.00000  300.00000
-700.00000 -100.00000  500.00000
-700.00000 -100.00000  700.00000
-700.00000 -100.00000  900.00000
-500.00000 -100.00000 -900.00000
-500.00000 -100.00000 -700.00000
-500.00000 -100.00000 -500.00000
-500.00000 -100.00000 -300.00000
-500.00000 -100.00000 -100.00000
-500.00000 -100.00000  100.00000
-500.00000 -100.00000  300.00000
-500.00000 -100.00000  500.00000
-500.00000 -100.00000  700.00000
-500.00000 -100.00000  900.00000
-300.00000 -100.00000 -900.00000
-300.00000 -100.00000 -700.00000
-300.00000 -100.00000 -500.00000
-300.00000 -100.00000 -300.00000
-300.00000 -100.00000 -100.00000
-300.00000 -100.00000  100.00000
-300.00000 -100.00000  300.00000
-300.00000 -100.00000  500.00000
-300.00000 -100.00000  700.00000
-300.00000 -100.00000  900.00000
-100.00000 -100.00000 -900.00000
-100.00000 -100.00000 -700.00000
-100.00000 -100.00000 -500.00000
-100.00000 -100.00000 -300.00000
-100.00000 -100.00000 -100.00000
-100.00000 -100.00000  100.00000
-100.00000 -100.00000  300.00000
-100.00000 -100.00000  500.00000
-100.00000 -100.00000  700.00000
-100.00000 -100.00000  900.00000
 100.00000 -100.00000 -900.00000
 100.00000 -100.00000 -700.00000
 100.00000 -100.00000 -500.00000
 100.00000 -100.00000 -300.00000
 100.00000 -100.00000 -100.00000
 100.00000 -100.00000  100.00000
 100.00000 -100.00000  300.00000
 100.00000 -100.00000  500.00000
 100.00000 -100.00000  700.00000
 100.00000 -100.00000  900.00000
 300.00000 -100.00000 -900.00000
 300.00000 -100.00000 -700.00000
 300.00000 -100.00000 -500.00000
 300.00000 -100.00000 -300.00000
 300.00000 -100.00000 -100.00000
 300.00000 -100.00000  100.00000
 300.00000 -100.00000  300.00000
 300.00000 -100.00000  500.00000
 300.00000 -100.00000  700.00000
 300.00000 -100.00000  900.00000
 500.00000 -100.00000 -900.00000
 500.00000 -100.00000 -700.00000
 500.00000 -100.00000 -500.00000
 500.00000 -100.00000 -300.00000
 500.00000 -100.00000 -100.00000
 500.00000 -100.00000  100.00000
 500.00000 -100.00000  300.00000
 500.00000 -100.00000  500.00000
 500.00000 -100.00000  700.00000
 500.00000 -100.00000  900.00000
 700.00000 -100.00000 -900.00000
 700.00000 -100.00000 -700.00000
 700.00000 -100.00000 -500.00000
 700.00000 -100.00000 -300.00000
 700.00000 -100.00000 -100.00000
 700.00000 -100.00000  100.00000
 700.00000 -100.00000  300.00000
 700.00000 -100.00000  500.00000
 700.00000 -100.00000  700.00000
 700.00000 -100.00000  900.00000
 900.00000 -100.00000 -900.00000
 900.00000 -100.00000 -700.00000
 900.00000 -100.00000 -500.00000
 900.00000 -100.00000 -300.00000
 900.00000 -100.00000 -100.00000
 900.00000 -100.00000  100.00000
 900.00000 -100.00000  300.00000
 900.00000 -100.00000  500.00000
 900.00000 -100.00000  700.00000
 900.00000 -100.00000  900.00000
-900.00000  100.00000 -900.00000
-900.00000  100.00000 -700.00000
-900.00000  100.00000 -500.00000
-900.00000  100.00000 -300.00000
-900.00000  100.00000 -100.00000
-900.00000  100.00000  100.00000
-900.00000  100.00000  300.00000
-900.00000  100.00000  500.00000
-900.00000  100.00000  700.00000
-900.00000  100.00000  900.00000
-700.00000  100.00000 -900.00000
-700.00000  100.00000 -700.00000
-700.00000  100.00000 -500.00000
-700.00000  100.00000 -300.00000
-700.00000  100.00000 -100.00000
-700.00000  100.00000  100.00000
-700.00000  100.00000  300.00000
-700.00000  100.00000  500.00000
-700.00000  100.00000  700.00000
-700.00000  100.00000  900.00000
-500.00000  100.00000 -900.00000
-500.00000  100.00000 -700.00000
-500.00000  100.00000 -500.00000
-500.00000  100.00000 -300.00000
-500.00000  100.00000 -100.00000
-500.00000  100.00000  100.00000
-500.00000  100.00000  300.00000
-500.00000  100.00000  500.00000
-500.00000  100.00000  700.00000
-500.00000  100.00000  900.00000
-300.00000  100.00000 -900.00000
-300.00000  100.00000 -700.00000
-300.00000  100.00000 -500.00000
-300.00000  100.00000 -300.00000
-300.00000  100.00000 -100.00000
-300.00000  100.00000  100.00000
-300.00000  100.00000  300.00000
-300.00000  100.00000  500.00000
-300.00000  100.00000  700.00000
-300.00000  100.00000  900.00000
-100.00000  100.00000 -900.00000
-100.00000  100.00000 -700.00000
-100.00000  100.00000 -500.00000
-100.00000  100.00000 -300.00000
-100.00000  100.00000 -100.00000
-100.00000  100.00000  100.00000
-100.00000  100.00000  300.00000
-100.00000  100.00000  500.00000
-100.00000  100.00000  700.00000
-100.00000  100.00000  900.00000
 100.00000  100.00000 -900.00000
 100.00000  100.00000 -700.00000
 100.00000  100.00000 -500.00000
 100.00000  100.00000 -300.00000
 100.00000  100.00000 -100.00000
 100.00000  100.00000  100.00000
 100.00000  100.00000  300.00000
 100.00000  100.00000  500.00000
 100.00000  100.00000  700.00000
 100.00000  100.00000  900.00000
 300.00000  100.00000 -900.00000
 300.00000  100.00000 -700.00000
 300.00000  100.00000 -500.00000
 300.00000  100.00000 -300.00000
 300.00000  100.00000 -100.00000
 300.00000  100.00000  100.00000
 300.00000  100.00000  300.00000
 300.00000  100.00000  500.00000
 300.00000  100.00000  700.00000
 300.00000  100.00000  900.00000
 500.00000  100.00000 -900.00000
 500.00000  100.00000 -700.00000
 500.00000  100.00000 -500.00000
 500.00000  100.00000 -300.00000
 500.00000  100.00000 -100.00000
 500.00000  100.00000  100.00000
 500.00000  100.00000  300.00000
 500.00000  100.00000  500.00000
 500.00000  100.00000  700.00000
 500.00000  100.00000  900.00000
 700.00000  100.00000 -900.00000
 700.00000  100.00000 -700.00000
 700.00000  100.00000 -500.00000
 700.00000  100.00000 -300.00000
 700.00000  100.00000 -100.00000
 700.00000  100.00000  100.00000
 700.00000  100.00000  300.00000
 700.00000  100.00000  500.00000
 700.00000  100.00000  700.00000
 700.00000  100.00000  900.00000
 900.00000  100.00000 -900.00000
 900.00000  100.00000 -700.00000
 900.00000  100.00000 -500.00000
 900.00000  100.00000 -300.00000
 900.00000  100.00000 -100.00000
 900.00000  100.00000  100.00000
 900.00000  100.00000  300.00000
 900.00000  100.00000  500.00000
 900.00000  100.00000  700.00000
 900.00000  100.00000  900.00000
-900.00000  300.00000 -900.00000
-900.00000  300.00000 -700.00000
-900.00000  300.00000 -500.00000
-900.00000  300.00000 -300.00000
-900.00000  300.00000 -100.00000
-900.00000  300.00000  100.00000
-900.00000  300.00000  300.00000
-900.00000  300.00000  500.00000
-900.00000  300.00000  700.00000
-900.00000  300.00000  900.00000
-700.00000  300.00000 -900.00000
-700.00000  300.00000 -700.00000
-700.00000  300.00000 -500.00000
-700.00000  300.00000 -300.00000
-700.00000  300.00000 -100.00000
-700.00000  300.00000  100.00000
-700.00000  300.00000  300.00000
-700.00000  300.00000  500.00000
-700.00000  300.00000  700.00000
-700.00000  300.00000  900.00000
-500.00000  300.00000 -900.00000
-500.00000  300.00000 -700.00000
-500.00000  300.00000 -500.00000
-500.00000  300.00000 -300.00000
-500.00000  300.00000 -100.00000
-500.00000  300.00000  100.00000
-500.00000  300.00000  300.00000
-500.00000  300.00000  500.00000
-500.00000  300.00000  700.00000
-500.00000  300.00000  900.00000
-300.00000  300.00000 -900.00000
-300.00000  300.00000 -700.00000
-300.00000  300.00000 -500.00000
-300.00000  300.00000 -300.00000
-300.00000  300.00000 -100.00000
-300.00000  300.00000  100.00000
-300.00000  300.00000  300.00000
-300.00000  300.00000  500.00000
-300.00000  300.00000  700.00000
-300.00000  300.00000  900.00000
-100.00000  300.00000 -900.00000
-100.00000  300.00000 -700.00000
-100.00000  300.00000 -500.00000
-100.00000  300.00000 -300.00000
-100.00000  300.00000 -100.00000
-100.00000  300.00000  100.00000
-100.00000  300.00000  300.00000
-100.00000  300.00000  500.00000
-100.00000  300.00000  700.00000
-100.00000  300.00000  900.00000
 100.00000  300.00000 -900.00000
 100.00000  300.00000 -700.00000
 100.00000  300.00000 -500.00000
 100.00000  300.00000 -300.00000
 100.00000  300.00000 -100.00000
 100.00000  300.00000  100.00000
 100.00000  300.00000  300.00000
 100.00000  300.00000  500.00000
 100.00000  300.00000  700.00000
 100.00000  300.00000  900.00000
 300.00000  300.00000 -900.00000
 300.00000  300.00000 -700.00000
 300.00000  300.00000 -500.00000
 300.00000  300.00000 -300.00000
 300.00000  300.00000 -100.00000
 300.00000  300.00000  100.00000
 300.00000  300.00000  300.00000
 300.00000  300.00000  500.00000
 300.00000  300.00000  700.00000
 300.00000  300.00000  900.00000
 500.00000  300.00000 -900.00000
 500.00000  300.00000 -700.00000
 500.00000  300.00000 -500.00000
 500.00000  300.00000 -300.00000
 500.00000  300.00000 -100.00000
 500.00000  300.00000  100.00000
 500.00000  300.00000  300.00000
 500.00000  300.00000  500.00000
 500.00000  300.00000  700.00000
 500.00000  300.00000  900.00000
 700.00000  300.00000 -900.00000
 700.00000  300.00000 -700.00000
 700.00000  300.00000 -500.00000
 700.00000  300.00000 -300.00000
 700.00000  300.00000 -100.00000
 700.00000  300.00000  100.00000
 700.00000  300.00000  300.00000
 700.00000  300.00000  500.00000
 700.00000  300.00000  700.00000
 700.00000  300.00000  900.00000
 900.00000  300.00000 -900.00000
 900.00000  300.00000 -700.00000
 900.00000  300.00000 -500.00000
 900.00000  300.00000 -300.00000
 900.00000  300.00000 -100.00000
 900.00000  300.00000  100.00000
 900.00000  300.00000  300.00000
 900.00000  300.00000  500.00000
 900.00000  300.00000  700.00000
 900.00000  300.00000  900.00000
-900.00000  500.00000 -900.00000
-900.00000  500.00000 -700.00000
-900.00000  500.00000 -500.00000
-900.00000  500.00000 -300.00000
-900.00000  500.00000 -100.00000
-900.00000  500.00000  100.00000
-900.00000  500.00000  300.00000
-900.00000  500.00000  500.00000
-900.00000  500.00000  700.00000
-900.00000  500.00000  900.00000
-700.00000  500.00000 -900.00000
-700.00000  500.00000 -700.00000
-700.00000  500.00000 -500.00000
-700.00000  500.00000 -300.00000
-700.00000  500.00000 -100.00000
-700.00000  500.00000  100.00000
-700.00000  500.00000  300.00000
-700.00000  500.00000  500.00000
-700.00000  500.00000  700.00000
-700.00000  500.00000  900.00000
-500.00000  500.00000 -900.00000
-500.00000  500.00000 -700.00000
-500.00000  500.00000 -500.00000
-500.00000  500.00000 -300.00000
-500.00000  500.00000 -100.00000
-500.00000  500.00000  100.00000
-500.00000  500.00000  300.00000
-500.00000  500.00000  500.00000
-500.00000  500.00000  700.00000
-500.00000  500.00000  900.00000
-300.00000  500.00000 -900.00000
-300.00000  500.00000 -700.00000
-300.00000  500.00000 -500.00000
-300.00000  500.00000 -300.00000
-300.00000  500.00000 -100.00000
-300.00000  500.00000  100.00000
-300.00000  500.00000  300.00000
-300.00000  500.00000  500.00000
-300.00000  500.00000  700.00000
-300.00000  500.00000  900.00000
-100.00000  500.00000 -900.00000
-100.00000  500.00000 -700.00000
-100.00000  500.00000 -500.00000
-100.00000  500.00000 -300.00000
-100.00000  500.00000 -100.00000
-100.00000  500.00000  100.00000
-100.00000  500.00000  300.00000
-100.00000  500.00000  500.00000
-100.00000  500.00000  700.00000
-100.00000  500.00000  900.00000
 100.00000  500.00000 -900.00000
 100.00000  500.00000 -700.00000
 100.00000  500.00000 -500.00000
 100.00000  500.00000 -300.00000
 100.00000  500.00000 -100.00000
 100.00000  500.00000  100.00000
 100.00000  500.00000  300.00000
 100.00000  500.00000  500.00000
 100.00000  500.00000  700.00000
 100.00000  500.00000  900.00000
 300.00000  500.00000 -900.00000
 300.00000  500.00000 -700.00000
 300.00000  500.00000 -500.00000
 300.00000  500.00000 -300.00000
 300.00000  500.00000 -100.00000
 300.00000  500.00000  100.00000
 300.00000  500.00000  300.00000
 300.00000  500.00000  500.00000
 300.00000  500.00000  700.00000
 300.00000  500.00000  900.00000
 500.00000  500.00000 -900.00000
 500.00000  500.00000 -700.00000
 500.00000  500.00000 -500.00000
 500.00000  500.00000 -300.00000
 500.00000  500.00000 -100.00000
 500.00000  500.00000  100.00000
 500.00000  500.00000  300.00000
 500.00000  500.00000  500.00000
 500.00000  500.00000  700.00000
 500.00000  500.00000  900.00000
 700.00000  500.00000 -900.00000
 700.00000  500.00000 -700.00000
 700.00000  500.00000 -500.00000
 700.00000  500.00000 -300.00000
 700.00000  500.00000 -100.00000
 700.00000  500.00000  100.00000
 700.00000  500.00000  300.00000
 700.00000  500.00000  500.00000
 700.00000  500.00000  700.00000
 700.00000  500.00000  900.00000
 900.00000  500.00000 -900.00000
 900.00000  500.00000 -700.00000
 900.00000  500.00000 -500.00000
 900.00000  500.00000 -300.00000
 900.00000  500.00000 -100.00000
 900.00000  500.00000  100.00000
 900.00000  500.00000  300.00000
 900.00000  500.00000  500.00000
 900.00000  500.00000  700.00000
 900.00000  500.00000  900.00000
-900.00000  700.00000 -900.00000
-900.00000  700.00000 -700.00000
-900.00000  700.00000 -500.00000
-900.00000  700.00000 -300.00000
-900.00000  700.00000 -100.00000
-900.00000  700.00000  100.00000
-900.00000  700.00000  300.00000
-900.00000  700.00000  500.00000
-900.00000  700.00000  700.00000
-900.00000  700.00000  900.00000
-700.00000  700.00000 -900.00000
-700.00000  700.00000 -700.00000
-700.00000  700.00000 -500.00000
-700.00000  700.00000 -300.00000
-700.00000  700.00000 -100.00000
-700.00000  700.00000  100.00000
-700.00000  700.00000  300.00000
-700.00000  700.00000  500.00000
-700.00000  700.00000  700.00000
-700.00000  700.00000  900.00000
-500.00000  700.00000 -900.00000
-500.00000  700.00000 -700.00000
-500.00000  700.00000 -500.00000
-500.00000  700.00000 -300.00000
-500.00000  700.00000 -100.00000
-500.00000  700.00000  100.00000
-500.00000  700.00000  300.00000
-500.00000  700.00000  500.00000
-500.00000  700.00000  700.00000
-500.00000  700.00000  900.00000
-300.00000  700.00000 -900.00000
-300.00000  700.00000 -700.00000
-300.00000  700.00000 -500.00000
-300.00000  700.00000 -300.00000
-300.00000  700.00000 -100.00000
-300.00000  700.00000  100.00000
-300.00000  700.00000  300.00000
-300.00000  700.00000  500.00000
-300.00000  700.00000  700.00000
-300.00000  700.00000  900.00000
-100.00000  700.00000 -900.00000
-100.00000  700.00000 -700.00000
-100.00000  700.00000 -500.00000
-100.00000  700.00000 -300.00000
-100.00000  700.00000 -100.00000
-100.00000  700.00000  100.00000
-100.00000  700.00000  300.00000
-100.00000  700.00000  500.00000
-100.00000  700.00000  700.00000
-100.00000  700.00000  900.00000
 100.00000  700.00000 -900.00000
 100.00000  700.00000 -700.00000
 100.00000  700.00000 -500.00000
 100.00000  700.00000 -300.00000
 100.00000  700.00000 -100.00000
 100.00000  700.00000  100.00000
 100.00000  700.00000  300.00000
 100.00000  700.00000  500.00000
 100.00000  700.00000  700.00000
 100.00000  700.00000  900.00000
 300.00000  700.00000 -900.00000
 300.00000  700.00000 -700.00000
 300.00000  700.00000 -500.00000
 300.00000  700.00000 -300.00000
 300.00000  700.00000 -100.00000
 300.00000  700.00000  100.00000
 300.00000  700.00000  300.00000
 300.00000  700.00000  500.00000
 300.00000  700.00000  700.00000
 300.00000  700.00000  900.00000
 500.00000  700.00000 -900.00000
 500.00000  700.00000 -700.00000
 500.00000  700.00000 -500.00000
 500.00000  700.00000 -300.00000
 500.00000  700.00000 -100.00000
 500.00000  700.00000  100.00000
 500.00000  700.00000  300.00000
 500.00000  700.00000  500.00000
 500.00000  700.00000  700.00000
 500.00000  700.00000  900.00000
 700.00000  700.00000 -900.00000
 700.00000  700.00000 -700.00000
 700.00000  700.00000 -500.00000
 700.00000  700.00000 -300.00000
 700.00000  700.00000 -100.00000
 700.00000  700.00000  100.00000
 700.00000  700.00000  300.00000
 700.00000  700.00000  500.00000
 700.00000  700.00000  700.00000
 700.00000  700.00000  900.00000
 900.00000  700.00000 -900.00000
 900.00000  700.00000 -700.00000
 900.00000  700.00000 -500.00000
 900.00000  700.00000 -300.00000
 900.00000  700.00000 -100.00000
 900.00000  700.00000  100.00000
 900.00000  700.00000  300.00000
 900.00000  700.00000  500.00000
 900.00000  700.00000  700.00000
 900.00000  700.00000  900.00000
-900.00000  900.00000 -900.00000
-900.00000  900.00000 -700.00000
-900.00000  900.00000 -500.00000
-900.00000  900.00000 -300.00000
-900.00000  900.00000 -100.00000
-900.00000  900.00000  100.00000
-900.00000  900.00000  300.00000
-900.00000  900.00000  500.00000
-900.00000  900.00000  700.00000
-900.00000  900.00000  900.00000
-700.00000  900.00000 -900.00000
-700.00000  900.00000 -700.00000
-700.00000  900.00000 -500.00000
-700.00000  900.00000 -300.00000
-700.00000  900.00000 -100.00000
-700.00000  900.00000  100.00000
-700.00000  900.00000  300.00000
-700.00000  900.00000  500.00000
-700.00000  900.00000  700.00000
-700.00000  900.00000  900.00000
-500.00000  900.00000 -900.00000
-500.00000  900.00000 -700.00000
-500.00000  900.00000 -500.00000
-500.00000  900.00000 -300.00000
-500.00000  900.00000 -100.00000
-500.00000  900.00000  100.00000
-500.00000  900.00000  300.00000
-500.00000  900.00000  500.00000
-500.00000  900.00000  700.00000
-500.00000  900.00000  900.00000
-300.00000  900.00000 -900.00000
-300.00000  900.00000 -700.00000
-300.00000  900.00000 -500.00000
-300.00000  900.00000 -300.00000
-300.00000  900.00000 -100.00000
-300.00000  900.00000  100.00000
-300.00000  900.00000  300.00000
-300.00000  900.00000  500.00000
-300.00000  900.00000  700.00000
-300.00000  900.00000  900.00000
-100.00000  900.00000 -900.00000
-100.00000  900.00000 -700.00000
-100.00000  900.00000 -500.00000
-100.00000  900.00000 -300.00000
-100.00000  900.00000 -100.00000
-100.00000  900.00000  100.00000
-100.00000  900.00000  300.00000
-100.00000  900.00000  500.00000
-100.00000  900.00000  700.00000
-100.00000  900.00000  900.00000
 100.00000  900.00000 -900.00000
 100.00000  900.00000 -700.00000
 100.00000  900.00000 -500.00000
 100.00000  900.00000 -300.00000
 100.00000  900.00000 -100.00000
 100.00000  900.00000  100.00000
 100.00000  900.00000  300.00000
 100.00000  900.00000  500.00000
 100.00000  900.00000  700.00000
 100.00000  900.00000  900.00000
 300.00000  900.00000 -900.00000
 300.00000  900.00000 -700.00000
 300.00000  900.00000 -500.00000
 300.00000  900.00000 -300.00000
 300.00000  900.00000 -100.00000
 300.00000  900.00000  100.00000
 300.00000  900.00000  300.00000
 300.00000  900.00000  500.00000
 300.00000  900.00000  700.00000
 300.00000  900.00000  900.00000
 500.00000  900.00000 -900.00000
 500.00000  900.00000 -700.00000
 500.00000  900.00000 -500.00000
 500.00000  900.00000 -300.00000
 500.00000  900.00000 -100.00000
 500.00000  900.00000  100.00000
 500.00000  900.00000  300.00000
 500.00000  900.00000  500.00000
 500.00000  900.00000  700.00000
 500.00000  900.00000  900.00000
 700.00000  900.00000 -900.00000
 700.00000  900.00000 -700.00000
 700.00000  900.00000 -500.00000
 700.00000  900.00000 -300.00000
 700.00000  900.00000 -100.00000
 700.00000  900.00000  100.00000
 700.00000  900.00000  300.00000
 700.00000  900.00000  500.00000
 700.00000  900.00000  700.00000
 700.00000  900.00000  900.00000
 900.00000  900.00000 -900.00000
 900.00000  900.00000 -700.00000
 900.00000  900.00000 -500.00000
 900.00000  900.00000 -300.00000
 900.00000  900.00000 -100.00000
 900.00000  900.00000  100.00000
 900.00000  900.00000  300.00000
 900.00000  900.00000  500.00000
 900.00000  900.00000  700.00000
 900.00000  900.00000  900.00000
